paper_id,task,dataset_description,registered_local_metric_rows,numeric_local_metric_rows,status,source_sha256,citation,reproduction_gap
grasp,time_series_anomaly_detection,"SMAP (mTSBench 51 series,26 variables)",0,0,formal_result_not_established_for_this_source_description,1b9e48e68d57ca8466099d0515ac67b2c3309b75cf9445ac58f5fd6ec39583fd,https://arxiv.org/abs/2609.36765,代码、主消融或组件已按原文还原；仍缺：author-verified graph estimator/projection convention；exact mTSBench split/window-to-point aggregation；validation schedule/early stopping；MLP/CNN velocity architecture comparison；all sensitivity experiments and 10-seed datasets
grasp,time_series_anomaly_detection,"SMD (mTSBench 18 series,39 variables)",0,0,formal_result_not_established_for_this_source_description,1b9e48e68d57ca8466099d0515ac67b2c3309b75cf9445ac58f5fd6ec39583fd,https://arxiv.org/abs/2609.36765,代码、主消融或组件已按原文还原；仍缺：author-verified graph estimator/projection convention；exact mTSBench split/window-to-point aggregation；validation schedule/early stopping；MLP/CNN velocity architecture comparison；all sensitivity experiments and 10-seed datasets
grasp,time_series_anomaly_detection,"CICIDS2017 (mTSBench six series,73 features)",0,0,formal_result_not_established_for_this_source_description,1b9e48e68d57ca8466099d0515ac67b2c3309b75cf9445ac58f5fd6ec39583fd,https://arxiv.org/abs/2609.36765,代码、主消融或组件已按原文还原；仍缺：author-verified graph estimator/projection convention；exact mTSBench split/window-to-point aggregation；validation schedule/early stopping；MLP/CNN velocity architecture comparison；all sensitivity experiments and 10-seed datasets
grasp,time_series_anomaly_detection,SWAN (mTSBench one 39-variable series),0,0,formal_result_not_established_for_this_source_description,1b9e48e68d57ca8466099d0515ac67b2c3309b75cf9445ac58f5fd6ec39583fd,https://arxiv.org/abs/2609.36765,代码、主消融或组件已按原文还原；仍缺：author-verified graph estimator/projection convention；exact mTSBench split/window-to-point aggregation；validation schedule/early stopping；MLP/CNN velocity architecture comparison；all sensitivity experiments and 10-seed datasets
giflow,imputation,"Air-36 (36 stations,8760 hourly samples)",0,0,formal_result_not_established_for_this_source_description,0ee11896233e10c69fba28f02302e6d96afeda2ec4f8a76a4111a339a711e1e9,https://arxiv.org/abs/2606.06682,固定 Air-36/AQI 图、缺失掩码及 EMA/checkpoint；本地前向预检不代表论文 MAE/CRPS 已复现。
giflow,imputation,"AQI (437 stations,43 cities,8760 hourly samples)",0,0,formal_result_not_established_for_this_source_description,0ee11896233e10c69fba28f02302e6d96afeda2ec4f8a76a4111a339a711e1e9,https://arxiv.org/abs/2606.06682,固定 Air-36/AQI 图、缺失掩码及 EMA/checkpoint；本地前向预检不代表论文 MAE/CRPS 已复现。
giflow,imputation,"PeMS08 (170 sensors,17856 five-minute samples)",0,0,formal_result_not_established_for_this_source_description,0ee11896233e10c69fba28f02302e6d96afeda2ec4f8a76a4111a339a711e1e9,https://arxiv.org/abs/2606.06682,固定 Air-36/AQI 图、缺失掩码及 EMA/checkpoint；本地前向预检不代表论文 MAE/CRPS 已复现。
giflow,imputation,"Synthetic smooth spatiotemporal graph (50 nodes,3000 steps)",0,0,formal_result_not_established_for_this_source_description,0ee11896233e10c69fba28f02302e6d96afeda2ec4f8a76a4111a339a711e1e9,https://arxiv.org/abs/2606.06682,固定 Air-36/AQI 图、缺失掩码及 EMA/checkpoint；本地前向预检不代表论文 MAE/CRPS 已复现。
giflow,imputation,"Synthetic scalability graphs (10000,20000,30000,50000 nodes)",0,0,formal_result_not_established_for_this_source_description,0ee11896233e10c69fba28f02302e6d96afeda2ec4f8a76a4111a339a711e1e9,https://arxiv.org/abs/2606.06682,固定 Air-36/AQI 图、缺失掩码及 EMA/checkpoint；本地前向预检不代表论文 MAE/CRPS 已复现。
cfmi,imputation,airfoil_self_noise,0,0,formal_result_not_established_for_this_source_description,fab4275121ac7dbfd793e8d7ccbf92677e0eb5d350e32544ff114f4b0f05a993,https://arxiv.org/abs/2506.09258,区分每数据集训练和零样本时序；PhysioNet/USHCN 的 CRPS、样本数和归一化沿用已冻结数值参考。
cfmi,imputation,banknote,0,0,formal_result_not_established_for_this_source_description,fab4275121ac7dbfd793e8d7ccbf92677e0eb5d350e32544ff114f4b0f05a993,https://arxiv.org/abs/2506.09258,区分每数据集训练和零样本时序；PhysioNet/USHCN 的 CRPS、样本数和归一化沿用已冻结数值参考。
cfmi,imputation,blood_transfusion,0,0,formal_result_not_established_for_this_source_description,fab4275121ac7dbfd793e8d7ccbf92677e0eb5d350e32544ff114f4b0f05a993,https://arxiv.org/abs/2506.09258,区分每数据集训练和零样本时序；PhysioNet/USHCN 的 CRPS、样本数和归一化沿用已冻结数值参考。
cfmi,imputation,breast_cancer_diagnostic,0,0,formal_result_not_established_for_this_source_description,fab4275121ac7dbfd793e8d7ccbf92677e0eb5d350e32544ff114f4b0f05a993,https://arxiv.org/abs/2506.09258,区分每数据集训练和零样本时序；PhysioNet/USHCN 的 CRPS、样本数和归一化沿用已冻结数值参考。
cfmi,imputation,california,0,0,formal_result_not_established_for_this_source_description,fab4275121ac7dbfd793e8d7ccbf92677e0eb5d350e32544ff114f4b0f05a993,https://arxiv.org/abs/2506.09258,区分每数据集训练和零样本时序；PhysioNet/USHCN 的 CRPS、样本数和归一化沿用已冻结数值参考。
cfmi,imputation,climate_model_crashes,0,0,formal_result_not_established_for_this_source_description,fab4275121ac7dbfd793e8d7ccbf92677e0eb5d350e32544ff114f4b0f05a993,https://arxiv.org/abs/2506.09258,区分每数据集训练和零样本时序；PhysioNet/USHCN 的 CRPS、样本数和归一化沿用已冻结数值参考。
cfmi,imputation,concrete_compression,0,0,formal_result_not_established_for_this_source_description,fab4275121ac7dbfd793e8d7ccbf92677e0eb5d350e32544ff114f4b0f05a993,https://arxiv.org/abs/2506.09258,区分每数据集训练和零样本时序；PhysioNet/USHCN 的 CRPS、样本数和归一化沿用已冻结数值参考。
cfmi,imputation,concrete_slump,0,0,formal_result_not_established_for_this_source_description,fab4275121ac7dbfd793e8d7ccbf92677e0eb5d350e32544ff114f4b0f05a993,https://arxiv.org/abs/2506.09258,区分每数据集训练和零样本时序；PhysioNet/USHCN 的 CRPS、样本数和归一化沿用已冻结数值参考。
cfmi,imputation,connectionist_bench_sonar,0,0,formal_result_not_established_for_this_source_description,fab4275121ac7dbfd793e8d7ccbf92677e0eb5d350e32544ff114f4b0f05a993,https://arxiv.org/abs/2506.09258,区分每数据集训练和零样本时序；PhysioNet/USHCN 的 CRPS、样本数和归一化沿用已冻结数值参考。
cfmi,imputation,connectionist_bench_vowel,0,0,formal_result_not_established_for_this_source_description,fab4275121ac7dbfd793e8d7ccbf92677e0eb5d350e32544ff114f4b0f05a993,https://arxiv.org/abs/2506.09258,区分每数据集训练和零样本时序；PhysioNet/USHCN 的 CRPS、样本数和归一化沿用已冻结数值参考。
cfmi,imputation,ecoli,0,0,formal_result_not_established_for_this_source_description,fab4275121ac7dbfd793e8d7ccbf92677e0eb5d350e32544ff114f4b0f05a993,https://arxiv.org/abs/2506.09258,区分每数据集训练和零样本时序；PhysioNet/USHCN 的 CRPS、样本数和归一化沿用已冻结数值参考。
cfmi,imputation,glass,0,0,formal_result_not_established_for_this_source_description,fab4275121ac7dbfd793e8d7ccbf92677e0eb5d350e32544ff114f4b0f05a993,https://arxiv.org/abs/2506.09258,区分每数据集训练和零样本时序；PhysioNet/USHCN 的 CRPS、样本数和归一化沿用已冻结数值参考。
cfmi,imputation,ionosphere,0,0,formal_result_not_established_for_this_source_description,fab4275121ac7dbfd793e8d7ccbf92677e0eb5d350e32544ff114f4b0f05a993,https://arxiv.org/abs/2506.09258,区分每数据集训练和零样本时序；PhysioNet/USHCN 的 CRPS、样本数和归一化沿用已冻结数值参考。
cfmi,imputation,iris,0,0,formal_result_not_established_for_this_source_description,fab4275121ac7dbfd793e8d7ccbf92677e0eb5d350e32544ff114f4b0f05a993,https://arxiv.org/abs/2506.09258,区分每数据集训练和零样本时序；PhysioNet/USHCN 的 CRPS、样本数和归一化沿用已冻结数值参考。
cfmi,imputation,libras,0,0,formal_result_not_established_for_this_source_description,fab4275121ac7dbfd793e8d7ccbf92677e0eb5d350e32544ff114f4b0f05a993,https://arxiv.org/abs/2506.09258,区分每数据集训练和零样本时序；PhysioNet/USHCN 的 CRPS、样本数和归一化沿用已冻结数值参考。
cfmi,imputation,parkinsons,0,0,formal_result_not_established_for_this_source_description,fab4275121ac7dbfd793e8d7ccbf92677e0eb5d350e32544ff114f4b0f05a993,https://arxiv.org/abs/2506.09258,区分每数据集训练和零样本时序；PhysioNet/USHCN 的 CRPS、样本数和归一化沿用已冻结数值参考。
cfmi,imputation,planning_relax,0,0,formal_result_not_established_for_this_source_description,fab4275121ac7dbfd793e8d7ccbf92677e0eb5d350e32544ff114f4b0f05a993,https://arxiv.org/abs/2506.09258,区分每数据集训练和零样本时序；PhysioNet/USHCN 的 CRPS、样本数和归一化沿用已冻结数值参考。
cfmi,imputation,qsar_biodegradation,0,0,formal_result_not_established_for_this_source_description,fab4275121ac7dbfd793e8d7ccbf92677e0eb5d350e32544ff114f4b0f05a993,https://arxiv.org/abs/2506.09258,区分每数据集训练和零样本时序；PhysioNet/USHCN 的 CRPS、样本数和归一化沿用已冻结数值参考。
cfmi,imputation,seeds,0,0,formal_result_not_established_for_this_source_description,fab4275121ac7dbfd793e8d7ccbf92677e0eb5d350e32544ff114f4b0f05a993,https://arxiv.org/abs/2506.09258,区分每数据集训练和零样本时序；PhysioNet/USHCN 的 CRPS、样本数和归一化沿用已冻结数值参考。
cfmi,imputation,wine,0,0,formal_result_not_established_for_this_source_description,fab4275121ac7dbfd793e8d7ccbf92677e0eb5d350e32544ff114f4b0f05a993,https://arxiv.org/abs/2506.09258,区分每数据集训练和零样本时序；PhysioNet/USHCN 的 CRPS、样本数和归一化沿用已冻结数值参考。
cfmi,imputation,wine_quality_red,0,0,formal_result_not_established_for_this_source_description,fab4275121ac7dbfd793e8d7ccbf92677e0eb5d350e32544ff114f4b0f05a993,https://arxiv.org/abs/2506.09258,区分每数据集训练和零样本时序；PhysioNet/USHCN 的 CRPS、样本数和归一化沿用已冻结数值参考。
cfmi,imputation,wine_quality_white,0,0,formal_result_not_established_for_this_source_description,fab4275121ac7dbfd793e8d7ccbf92677e0eb5d350e32544ff114f4b0f05a993,https://arxiv.org/abs/2506.09258,区分每数据集训练和零样本时序；PhysioNet/USHCN 的 CRPS、样本数和归一化沿用已冻结数值参考。
cfmi,imputation,yacht_hydrodynamics,0,0,formal_result_not_established_for_this_source_description,fab4275121ac7dbfd793e8d7ccbf92677e0eb5d350e32544ff114f4b0f05a993,https://arxiv.org/abs/2506.09258,区分每数据集训练和零样本时序；PhysioNet/USHCN 的 CRPS、样本数和归一化沿用已冻结数值参考。
cfmi,imputation,yeast,0,0,formal_result_not_established_for_this_source_description,fab4275121ac7dbfd793e8d7ccbf92677e0eb5d350e32544ff114f4b0f05a993,https://arxiv.org/abs/2506.09258,区分每数据集训练和零样本时序；PhysioNet/USHCN 的 CRPS、样本数和归一化沿用已冻结数值参考。
cfmi,imputation,PhysioNet/Computing in Cardiology Challenge2012 set-a,12,12,formal_result_registered,fab4275121ac7dbfd793e8d7ccbf92677e0eb5d350e32544ff114f4b0f05a993,https://arxiv.org/abs/2506.09258,区分每数据集训练和零样本时序；PhysioNet/USHCN 的 CRPS、样本数和归一化沿用已冻结数值参考。
cfmi,imputation,PM2.5/STMVL Air-36,4,4,formal_result_registered,fab4275121ac7dbfd793e8d7ccbf92677e0eb5d350e32544ff114f4b0f05a993,https://arxiv.org/abs/2506.09258,区分每数据集训练和零样本时序；PhysioNet/USHCN 的 CRPS、样本数和归一化沿用已冻结数值参考。
cfmi,imputation,"Synthetic2D cosine,banana,funnel,ring,spiral",0,0,formal_result_not_established_for_this_source_description,fab4275121ac7dbfd793e8d7ccbf92677e0eb5d350e32544ff114f4b0f05a993,https://arxiv.org/abs/2506.09258,区分每数据集训练和零样本时序；PhysioNet/USHCN 的 CRPS、样本数和归一化沿用已冻结数值参考。
tsflow,generation_and_forecasting,Electricity (electricity_nips),0,0,formal_result_not_established_for_this_source_description,736e0f8e7190d013e9696bdfaeec3f2b1a803273022779625081c07a993fb0f2,https://arxiv.org/abs/2410.03024,预测误差或生成保真度不是异常 F1；转为检测器前冻结正常训练集及分数定义。
tsflow,generation_and_forecasting,Exchange(exchange_rate_nips),0,0,formal_result_not_established_for_this_source_description,736e0f8e7190d013e9696bdfaeec3f2b1a803273022779625081c07a993fb0f2,https://arxiv.org/abs/2410.03024,预测误差或生成保真度不是异常 F1；转为检测器前冻结正常训练集及分数定义。
tsflow,generation_and_forecasting,KDDCup(kdd_cup_2018_without_missing),0,0,formal_result_not_established_for_this_source_description,736e0f8e7190d013e9696bdfaeec3f2b1a803273022779625081c07a993fb0f2,https://arxiv.org/abs/2410.03024,预测误差或生成保真度不是异常 F1；转为检测器前冻结正常训练集及分数定义。
tsflow,generation_and_forecasting,M4-Hourly(m4_hourly),0,0,formal_result_not_established_for_this_source_description,736e0f8e7190d013e9696bdfaeec3f2b1a803273022779625081c07a993fb0f2,https://arxiv.org/abs/2410.03024,预测误差或生成保真度不是异常 F1；转为检测器前冻结正常训练集及分数定义。
tsflow,generation_and_forecasting,Solar(solar_nips),0,0,formal_result_not_established_for_this_source_description,736e0f8e7190d013e9696bdfaeec3f2b1a803273022779625081c07a993fb0f2,https://arxiv.org/abs/2410.03024,预测误差或生成保真度不是异常 F1；转为检测器前冻结正常训练集及分数定义。
tsflow,generation_and_forecasting,Traffic(traffic_nips),0,0,formal_result_not_established_for_this_source_description,736e0f8e7190d013e9696bdfaeec3f2b1a803273022779625081c07a993fb0f2,https://arxiv.org/abs/2410.03024,预测误差或生成保真度不是异常 F1；转为检测器前冻结正常训练集及分数定义。
tsflow,generation_and_forecasting,UberTLC-Hourly(uber_tlc_hourly),0,0,formal_result_not_established_for_this_source_description,736e0f8e7190d013e9696bdfaeec3f2b1a803273022779625081c07a993fb0f2,https://arxiv.org/abs/2410.03024,预测误差或生成保真度不是异常 F1；转为检测器前冻结正常训练集及分数定义。
tsflow,generation_and_forecasting,Wikipedia(wiki2000_nips),0,0,formal_result_not_established_for_this_source_description,736e0f8e7190d013e9696bdfaeec3f2b1a803273022779625081c07a993fb0f2,https://arxiv.org/abs/2410.03024,预测误差或生成保真度不是异常 F1；转为检测器前冻结正常训练集及分数定义。
dfm,time_series_anomaly_detection,SMAP,0,0,formal_result_not_established_for_this_source_description,05d2ed8aebd23c6377b22e04a372ffcf6c4f5cc45f64c3003c3587271f4da889,https://arxiv.org/abs/2410.09246,代码、主消融或组件已按原文还原；仍缺：author U-Net and learnable prior；Dopri5；MLE-CNF and exact published FM/I-CFM U-Net baselines；author SMAP entity/feature protocol；threshold and adjustment protocol；objective degeneracy/bijectivity needs mathematical audit
prismflow,time_series_generation,Stocks,0,0,formal_result_not_established_for_this_source_description,ef6fb16db620d04eedd6cb776f4b4a94a186478c4dbf2251f81b910fd6b9cb60,https://arxiv.org/abs/2605.28867,代码、主消融或组件已按原文还原；仍缺：author backbone/projection/schedules/hyperparameters；conditional guidance；all metric evaluator and baseline pipelines；low-data/forecasting/imputation tests
prismflow,time_series_generation,ETTh (baseline uses ETTh1),0,0,formal_result_not_established_for_this_source_description,ef6fb16db620d04eedd6cb776f4b4a94a186478c4dbf2251f81b910fd6b9cb60,https://arxiv.org/abs/2605.28867,代码、主消融或组件已按原文还原；仍缺：author backbone/projection/schedules/hyperparameters；conditional guidance；all metric evaluator and baseline pipelines；low-data/forecasting/imputation tests
prismflow,time_series_generation,Energy,0,0,formal_result_not_established_for_this_source_description,ef6fb16db620d04eedd6cb776f4b4a94a186478c4dbf2251f81b910fd6b9cb60,https://arxiv.org/abs/2605.28867,代码、主消融或组件已按原文还原；仍缺：author backbone/projection/schedules/hyperparameters；conditional guidance；all metric evaluator and baseline pipelines；low-data/forecasting/imputation tests
prismflow,time_series_generation,fMRI,0,0,formal_result_not_established_for_this_source_description,ef6fb16db620d04eedd6cb776f4b4a94a186478c4dbf2251f81b910fd6b9cb60,https://arxiv.org/abs/2605.28867,代码、主消融或组件已按原文还原；仍缺：author backbone/projection/schedules/hyperparameters；conditional guidance；all metric evaluator and baseline pipelines；low-data/forecasting/imputation tests
prismflow,time_series_generation,Sines(synthetic),0,0,formal_result_not_established_for_this_source_description,ef6fb16db620d04eedd6cb776f4b4a94a186478c4dbf2251f81b910fd6b9cb60,https://arxiv.org/abs/2605.28867,代码、主消融或组件已按原文还原；仍缺：author backbone/projection/schedules/hyperparameters；conditional guidance；all metric evaluator and baseline pipelines；low-data/forecasting/imputation tests
prismflow,time_series_generation,MuJoCo(synthetic simulation),0,0,formal_result_not_established_for_this_source_description,ef6fb16db620d04eedd6cb776f4b4a94a186478c4dbf2251f81b910fd6b9cb60,https://arxiv.org/abs/2605.28867,代码、主消融或组件已按原文还原；仍缺：author backbone/projection/schedules/hyperparameters；conditional guidance；all metric evaluator and baseline pipelines；low-data/forecasting/imputation tests
csdi,imputation,PhysioNet2012 set-a,9,9,formal_result_registered,4d5e4402b98af8cb60a77a6fd3cd942d98b6314776b709d425cd87233ff3c809,https://arxiv.org/abs/2107.03502,随机/历史掩码、五折 PhysioNet 和归一化 CRPS 必须一致；本地完整队列仍在运行。
csdi,imputation,STMVL Beijing PM2.5 36 stations,3,3,formal_result_registered,4d5e4402b98af8cb60a77a6fd3cd942d98b6314776b709d425cd87233ff3c809,https://arxiv.org/abs/2107.03502,随机/历史掩码、五折 PhysioNet 和归一化 CRPS 必须一致；本地完整队列仍在运行。
csdi,imputation,solar_nips,0,0,formal_result_not_established_for_this_source_description,4d5e4402b98af8cb60a77a6fd3cd942d98b6314776b709d425cd87233ff3c809,https://arxiv.org/abs/2107.03502,随机/历史掩码、五折 PhysioNet 和归一化 CRPS 必须一致；本地完整队列仍在运行。
csdi,imputation,electricity_nips,0,0,formal_result_not_established_for_this_source_description,4d5e4402b98af8cb60a77a6fd3cd942d98b6314776b709d425cd87233ff3c809,https://arxiv.org/abs/2107.03502,随机/历史掩码、五折 PhysioNet 和归一化 CRPS 必须一致；本地完整队列仍在运行。
csdi,imputation,traffic_nips,0,0,formal_result_not_established_for_this_source_description,4d5e4402b98af8cb60a77a6fd3cd942d98b6314776b709d425cd87233ff3c809,https://arxiv.org/abs/2107.03502,随机/历史掩码、五折 PhysioNet 和归一化 CRPS 必须一致；本地完整队列仍在运行。
csdi,imputation,taxi_30min,0,0,formal_result_not_established_for_this_source_description,4d5e4402b98af8cb60a77a6fd3cd942d98b6314776b709d425cd87233ff3c809,https://arxiv.org/abs/2107.03502,随机/历史掩码、五折 PhysioNet 和归一化 CRPS 必须一致；本地完整队列仍在运行。
csdi,imputation,wiki2000_nips,0,0,formal_result_not_established_for_this_source_description,4d5e4402b98af8cb60a77a6fd3cd942d98b6314776b709d425cd87233ff3c809,https://arxiv.org/abs/2107.03502,随机/历史掩码、五折 PhysioNet 和归一化 CRPS 必须一致；本地完整队列仍在运行。
sssd,imputation_and_forecasting,Electricity,0,0,formal_result_not_established_for_this_source_description,29ed65edf1fec7d641f3143a741cac8596ae986334f017f7ab0e193735f13b2c,https://arxiv.org/abs/2208.09399,对齐随机缺失与连续块缺失；S4/CUDA 依赖及窗口上下文会改变计算预算。
sssd,imputation_and_forecasting,ETTm1,0,0,formal_result_not_established_for_this_source_description,29ed65edf1fec7d641f3143a741cac8596ae986334f017f7ab0e193735f13b2c,https://arxiv.org/abs/2208.09399,对齐随机缺失与连续块缺失；S4/CUDA 依赖及窗口上下文会改变计算预算。
sssd,imputation_and_forecasting,MuJoCo,0,0,formal_result_not_established_for_this_source_description,29ed65edf1fec7d641f3143a741cac8596ae986334f017f7ab0e193735f13b2c,https://arxiv.org/abs/2208.09399,对齐随机缺失与连续块缺失；S4/CUDA 依赖及窗口上下文会改变计算预算。
sssd,imputation_and_forecasting,PTB-XL 1.0.1,0,0,formal_result_not_established_for_this_source_description,29ed65edf1fec7d641f3143a741cac8596ae986334f017f7ab0e193735f13b2c,https://arxiv.org/abs/2208.09399,对齐随机缺失与连续块缺失；S4/CUDA 依赖及窗口上下文会改变计算预算。
sssd,imputation_and_forecasting,METR-LA,0,0,formal_result_not_established_for_this_source_description,29ed65edf1fec7d641f3143a741cac8596ae986334f017f7ab0e193735f13b2c,https://arxiv.org/abs/2208.09399,对齐随机缺失与连续块缺失；S4/CUDA 依赖及窗口上下文会改变计算预算。
sssd,imputation_and_forecasting,PEMS-BAY,0,0,formal_result_not_established_for_this_source_description,29ed65edf1fec7d641f3143a741cac8596ae986334f017f7ab0e193735f13b2c,https://arxiv.org/abs/2208.09399,对齐随机缺失与连续块缺失；S4/CUDA 依赖及窗口上下文会改变计算预算。
sssd,imputation_and_forecasting,Solar (GluonTS forecasting),0,0,formal_result_not_established_for_this_source_description,29ed65edf1fec7d641f3143a741cac8596ae986334f017f7ab0e193735f13b2c,https://arxiv.org/abs/2208.09399,对齐随机缺失与连续块缺失；S4/CUDA 依赖及窗口上下文会改变计算预算。
brits,imputation,STMVL Beijing PM2.5 36 stations,0,0,formal_result_not_established_for_this_source_description,6a3f516b2f8d8a418f7c907c9617e45dff673c04f0e73cd2b56307c4a67a09a0,https://arxiv.org/abs/1805.10572,双向访问未来窗口只适用于离线任务；与在线 JFI 分轨比较。
brits,imputation,PhysioNet2012 set-a,3,3,formal_result_registered,6a3f516b2f8d8a418f7c907c9617e45dff673c04f0e73cd2b56307c4a67a09a0,https://arxiv.org/abs/1805.10572,双向访问未来窗口只适用于离线任务；与在线 JFI 分轨比较。
brits,imputation,UCI Localization Data for Person Activity,0,0,formal_result_not_established_for_this_source_description,6a3f516b2f8d8a418f7c907c9617e45dff673c04f0e73cd2b56307c4a67a09a0,https://arxiv.org/abs/1805.10572,双向访问未来窗口只适用于离线任务；与在线 JFI 分轨比较。
saits,imputation,"PhysioNet2012 sets a,b,c and outcomes",3,3,formal_result_registered,234ee64b75f730a663827d116df783c11780968d4be61ad5d6b51bc7e0d0956b,https://arxiv.org/abs/2202.08516,比较时统一缺失掩码和标准化；当前正式插补实验与未来检测器适配分开登记。
saits,imputation,UCI Beijing Multi-Site Air Quality,6,3,formal_result_registered,234ee64b75f730a663827d116df783c11780968d4be61ad5d6b51bc7e0d0956b,https://arxiv.org/abs/2202.08516,比较时统一缺失掩码和标准化；当前正式插补实验与未来检测器适配分开登记。
saits,imputation,Electricity Load Diagrams 2011-2014,54,0,formal_result_not_established_for_this_source_description,234ee64b75f730a663827d116df783c11780968d4be61ad5d6b51bc7e0d0956b,https://arxiv.org/abs/2202.08516,比较时统一缺失掩码和标准化；当前正式插补实验与未来检测器适配分开登记。
saits,imputation,ETTm1,0,0,formal_result_not_established_for_this_source_description,234ee64b75f730a663827d116df783c11780968d4be61ad5d6b51bc7e0d0956b,https://arxiv.org/abs/2202.08516,比较时统一缺失掩码和标准化；当前正式插补实验与未来检测器适配分开登记。
saits,imputation,NRTSI Air,0,0,formal_result_not_established_for_this_source_description,234ee64b75f730a663827d116df783c11780968d4be61ad5d6b51bc7e0d0956b,https://arxiv.org/abs/2202.08516,比较时统一缺失掩码和标准化；当前正式插补实验与未来检测器适配分开登记。
saits,imputation,NRTSI Gas,0,0,formal_result_not_established_for_this_source_description,234ee64b75f730a663827d116df783c11780968d4be61ad5d6b51bc7e0d0956b,https://arxiv.org/abs/2202.08516,比较时统一缺失掩码和标准化；当前正式插补实验与未来检测器适配分开登记。
grin,imputation,AQI-437,3,0,formal_result_not_established_for_this_source_description,0ef8db1011a1e208ae2ed3b7f1c85b8f0b8d68201ed156dea34b97e252e65583,https://arxiv.org/abs/2108.00298,固定图的来源与拓扑哈希；未来信息可用性、Air/METR/PEMS 数据版本不能混同。
grin,imputation,AQI-36,3,0,formal_result_not_established_for_this_source_description,0ef8db1011a1e208ae2ed3b7f1c85b8f0b8d68201ed156dea34b97e252e65583,https://arxiv.org/abs/2108.00298,固定图的来源与拓扑哈希；未来信息可用性、Air/METR/PEMS 数据版本不能混同。
grin,imputation,METR-LA,0,0,formal_result_not_established_for_this_source_description,0ef8db1011a1e208ae2ed3b7f1c85b8f0b8d68201ed156dea34b97e252e65583,https://arxiv.org/abs/2108.00298,固定图的来源与拓扑哈希；未来信息可用性、Air/METR/PEMS 数据版本不能混同。
grin,imputation,PEMS-BAY,0,0,formal_result_not_established_for_this_source_description,0ef8db1011a1e208ae2ed3b7f1c85b8f0b8d68201ed156dea34b97e252e65583,https://arxiv.org/abs/2108.00298,固定图的来源与拓扑哈希；未来信息可用性、Air/METR/PEMS 数据版本不能混同。
grin,imputation,CER-E SME subset,0,0,formal_result_not_established_for_this_source_description,0ef8db1011a1e208ae2ed3b7f1c85b8f0b8d68201ed156dea34b97e252e65583,https://arxiv.org/abs/2108.00298,固定图的来源与拓扑哈希；未来信息可用性、Air/METR/PEMS 数据版本不能混同。
grin,imputation,synthetic VAR,0,0,formal_result_not_established_for_this_source_description,0ef8db1011a1e208ae2ed3b7f1c85b8f0b8d68201ed156dea34b97e252e65583,https://arxiv.org/abs/2108.00298,固定图的来源与拓扑哈希；未来信息可用性、Air/METR/PEMS 数据版本不能混同。
diffusion_ts,time_series_generation,Stocks,0,0,formal_result_not_established_for_this_source_description,410cf0e8c77a9c50e5b94da8ad59c89f901b047465cced58f99ad74aef875747,https://arxiv.org/abs/2403.01742,生成/预测/插补原任务分轨；异常评分须另行定义并做计算预算匹配。
diffusion_ts,time_series_generation,ETTh1,0,0,formal_result_not_established_for_this_source_description,410cf0e8c77a9c50e5b94da8ad59c89f901b047465cced58f99ad74aef875747,https://arxiv.org/abs/2403.01742,生成/预测/插补原任务分轨；异常评分须另行定义并做计算预算匹配。
diffusion_ts,time_series_generation,Energy,0,0,formal_result_not_established_for_this_source_description,410cf0e8c77a9c50e5b94da8ad59c89f901b047465cced58f99ad74aef875747,https://arxiv.org/abs/2403.01742,生成/预测/插补原任务分轨；异常评分须另行定义并做计算预算匹配。
diffusion_ts,time_series_generation,fMRI,0,0,formal_result_not_established_for_this_source_description,410cf0e8c77a9c50e5b94da8ad59c89f901b047465cced58f99ad74aef875747,https://arxiv.org/abs/2403.01742,生成/预测/插补原任务分轨；异常评分须另行定义并做计算预算匹配。
diffusion_ts,time_series_generation,Sine,0,0,formal_result_not_established_for_this_source_description,410cf0e8c77a9c50e5b94da8ad59c89f901b047465cced58f99ad74aef875747,https://arxiv.org/abs/2403.01742,生成/预测/插补原任务分轨；异常评分须另行定义并做计算预算匹配。
diffusion_ts,time_series_generation,MuJoCo,0,0,formal_result_not_established_for_this_source_description,410cf0e8c77a9c50e5b94da8ad59c89f901b047465cced58f99ad74aef875747,https://arxiv.org/abs/2403.01742,生成/预测/插补原任务分轨；异常评分须另行定义并做计算预算匹配。
ganf,time_series_anomaly_detection,SWaT Dec2015 attack_v0,0,0,formal_result_not_established_for_this_source_description,f40c13587070e62b632a3410434f03eb67f4aad350a89868a3f156703c3524b7,https://arxiv.org/abs/2202.07857,归一化流的似然评分与 FM 的速度失配评分分开；关注训练污染和实体聚合。
ganf,time_series_anomaly_detection,METR-LA,0,0,formal_result_not_established_for_this_source_description,f40c13587070e62b632a3410434f03eb67f4aad350a89868a3f156703c3524b7,https://arxiv.org/abs/2202.07857,归一化流的似然评分与 FM 的速度失配评分分开；关注训练污染和实体聚合。
ganf,time_series_anomaly_detection,PMU proprietary,0,0,formal_result_not_established_for_this_source_description,f40c13587070e62b632a3410434f03eb67f4aad350a89868a3f156703c3524b7,https://arxiv.org/abs/2202.07857,归一化流的似然评分与 FM 的速度失配评分分开；关注训练污染和实体聚合。
catch,time_series_anomaly_detection,MSL,0,0,formal_result_not_established_for_this_source_description,7bb18834c337810be427efe056e4e8aac9d4f163a9d8b8f59375470202ff53dd,https://arxiv.org/abs/2410.12261,频率域损失和时域分数映射须固定；窗口重叠回填及阈值策略可能改变 F1。
catch,time_series_anomaly_detection,PSM,0,0,formal_result_not_established_for_this_source_description,7bb18834c337810be427efe056e4e8aac9d4f163a9d8b8f59375470202ff53dd,https://arxiv.org/abs/2410.12261,频率域损失和时域分数映射须固定；窗口重叠回填及阈值策略可能改变 F1。
catch,time_series_anomaly_detection,SMD,0,0,formal_result_not_established_for_this_source_description,7bb18834c337810be427efe056e4e8aac9d4f163a9d8b8f59375470202ff53dd,https://arxiv.org/abs/2410.12261,频率域损失和时域分数映射须固定；窗口重叠回填及阈值策略可能改变 F1。
catch,time_series_anomaly_detection,CICIDS,0,0,formal_result_not_established_for_this_source_description,7bb18834c337810be427efe056e4e8aac9d4f163a9d8b8f59375470202ff53dd,https://arxiv.org/abs/2410.12261,频率域损失和时域分数映射须固定；窗口重叠回填及阈值策略可能改变 F1。
catch,time_series_anomaly_detection,CalIt2,0,0,formal_result_not_established_for_this_source_description,7bb18834c337810be427efe056e4e8aac9d4f163a9d8b8f59375470202ff53dd,https://arxiv.org/abs/2410.12261,频率域损失和时域分数映射须固定；窗口重叠回填及阈值策略可能改变 F1。
catch,time_series_anomaly_detection,NYC,0,0,formal_result_not_established_for_this_source_description,7bb18834c337810be427efe056e4e8aac9d4f163a9d8b8f59375470202ff53dd,https://arxiv.org/abs/2410.12261,频率域损失和时域分数映射须固定；窗口重叠回填及阈值策略可能改变 F1。
catch,time_series_anomaly_detection,Creditcard,0,0,formal_result_not_established_for_this_source_description,7bb18834c337810be427efe056e4e8aac9d4f163a9d8b8f59375470202ff53dd,https://arxiv.org/abs/2410.12261,频率域损失和时域分数映射须固定；窗口重叠回填及阈值策略可能改变 F1。
catch,time_series_anomaly_detection,GECCO,0,0,formal_result_not_established_for_this_source_description,7bb18834c337810be427efe056e4e8aac9d4f163a9d8b8f59375470202ff53dd,https://arxiv.org/abs/2410.12261,频率域损失和时域分数映射须固定；窗口重叠回填及阈值策略可能改变 F1。
catch,time_series_anomaly_detection,Genesis,0,0,formal_result_not_established_for_this_source_description,7bb18834c337810be427efe056e4e8aac9d4f163a9d8b8f59375470202ff53dd,https://arxiv.org/abs/2410.12261,频率域损失和时域分数映射须固定；窗口重叠回填及阈值策略可能改变 F1。
catch,time_series_anomaly_detection,ASD,0,0,formal_result_not_established_for_this_source_description,7bb18834c337810be427efe056e4e8aac9d4f163a9d8b8f59375470202ff53dd,https://arxiv.org/abs/2410.12261,频率域损失和时域分数映射须固定；窗口重叠回填及阈值策略可能改变 F1。
catch,time_series_anomaly_detection,TODS synthetic 12 sets,0,0,formal_result_not_established_for_this_source_description,7bb18834c337810be427efe056e4e8aac9d4f163a9d8b8f59375470202ff53dd,https://arxiv.org/abs/2410.12261,频率域损失和时域分数映射须固定；窗口重叠回填及阈值策略可能改变 F1。
dcdetector,time_series_anomaly_detection,SMD,0,0,formal_result_not_established_for_this_source_description,b235f6c5a71b9944ca9d97c53e1ac96cc5b6cf64760c5a68581e5bbeb3ffc636,https://arxiv.org/abs/2306.10347,原作者阈值与 point adjustment 和严格验证阈值分轨；作为 MaelNet 组件不能等同整个集成。
dcdetector,time_series_anomaly_detection,MSL,0,0,formal_result_not_established_for_this_source_description,b235f6c5a71b9944ca9d97c53e1ac96cc5b6cf64760c5a68581e5bbeb3ffc636,https://arxiv.org/abs/2306.10347,原作者阈值与 point adjustment 和严格验证阈值分轨；作为 MaelNet 组件不能等同整个集成。
dcdetector,time_series_anomaly_detection,SMAP,0,0,formal_result_not_established_for_this_source_description,b235f6c5a71b9944ca9d97c53e1ac96cc5b6cf64760c5a68581e5bbeb3ffc636,https://arxiv.org/abs/2306.10347,原作者阈值与 point adjustment 和严格验证阈值分轨；作为 MaelNet 组件不能等同整个集成。
dcdetector,time_series_anomaly_detection,PSM,0,0,formal_result_not_established_for_this_source_description,b235f6c5a71b9944ca9d97c53e1ac96cc5b6cf64760c5a68581e5bbeb3ffc636,https://arxiv.org/abs/2306.10347,原作者阈值与 point adjustment 和严格验证阈值分轨；作为 MaelNet 组件不能等同整个集成。
dcdetector,time_series_anomaly_detection,SWaT,0,0,formal_result_not_established_for_this_source_description,b235f6c5a71b9944ca9d97c53e1ac96cc5b6cf64760c5a68581e5bbeb3ffc636,https://arxiv.org/abs/2306.10347,原作者阈值与 point adjustment 和严格验证阈值分轨；作为 MaelNet 组件不能等同整个集成。
dcdetector,time_series_anomaly_detection,NIPS-TS-SWAN,0,0,formal_result_not_established_for_this_source_description,b235f6c5a71b9944ca9d97c53e1ac96cc5b6cf64760c5a68581e5bbeb3ffc636,https://arxiv.org/abs/2306.10347,原作者阈值与 point adjustment 和严格验证阈值分轨；作为 MaelNet 组件不能等同整个集成。
dcdetector,time_series_anomaly_detection,NIPS-TS-GECCO (repository NIPS_TS_Water),0,0,formal_result_not_established_for_this_source_description,b235f6c5a71b9944ca9d97c53e1ac96cc5b6cf64760c5a68581e5bbeb3ffc636,https://arxiv.org/abs/2306.10347,原作者阈值与 point adjustment 和严格验证阈值分轨；作为 MaelNet 组件不能等同整个集成。
dcdetector,time_series_anomaly_detection,UCR,0,0,formal_result_not_established_for_this_source_description,b235f6c5a71b9944ca9d97c53e1ac96cc5b6cf64760c5a68581e5bbeb3ffc636,https://arxiv.org/abs/2306.10347,原作者阈值与 point adjustment 和严格验证阈值分轨；作为 MaelNet 组件不能等同整个集成。
flow_matching,generative_foundation,cifar10,0,0,formal_result_not_established_for_this_source_description,5eeb39ba516396924aba4787452f9d0abdee88467a4d0c264d9f66cad0c5ee14,https://arxiv.org/abs/2210.02747,免积分仅指训练目标；采样仍需 ODE，似然和异常分数不是自动提供。
flow_matching,generative_foundation,imagenet_32,0,0,formal_result_not_established_for_this_source_description,5eeb39ba516396924aba4787452f9d0abdee88467a4d0c264d9f66cad0c5ee14,https://arxiv.org/abs/2210.02747,免积分仅指训练目标；采样仍需 ODE，似然和异常分数不是自动提供。
flow_matching,generative_foundation,imagenet_64,0,0,formal_result_not_established_for_this_source_description,5eeb39ba516396924aba4787452f9d0abdee88467a4d0c264d9f66cad0c5ee14,https://arxiv.org/abs/2210.02747,免积分仅指训练目标；采样仍需 ODE，似然和异常分数不是自动提供。
flow_matching,generative_foundation,imagenet_128,0,0,formal_result_not_established_for_this_source_description,5eeb39ba516396924aba4787452f9d0abdee88467a4d0c264d9f66cad0c5ee14,https://arxiv.org/abs/2210.02747,免积分仅指训练目标；采样仍需 ODE，似然和异常分数不是自动提供。
rectified_flow,generative_foundation,cifar10,0,0,formal_result_not_established_for_this_source_description,d81790cb6988ef480002adcc84000d4f44855b11fb868001fd53aad133bc3a74,https://arxiv.org/abs/2209.03003,直线化不保证一步推断能保持异常可分性；源目标耦合和 reflow 次数须固定。
rectified_flow,generative_foundation,lsun_bedroom_train,0,0,formal_result_not_established_for_this_source_description,d81790cb6988ef480002adcc84000d4f44855b11fb868001fd53aad133bc3a74,https://arxiv.org/abs/2209.03003,直线化不保证一步推断能保持异常可分性；源目标耦合和 reflow 次数须固定。
rectified_flow,generative_foundation,lsun_bedroom_val,0,0,formal_result_not_established_for_this_source_description,d81790cb6988ef480002adcc84000d4f44855b11fb868001fd53aad133bc3a74,https://arxiv.org/abs/2209.03003,直线化不保证一步推断能保持异常可分性；源目标耦合和 reflow 次数须固定。
rectified_flow,generative_foundation,lsun_church_outdoor_train,0,0,formal_result_not_established_for_this_source_description,d81790cb6988ef480002adcc84000d4f44855b11fb868001fd53aad133bc3a74,https://arxiv.org/abs/2209.03003,直线化不保证一步推断能保持异常可分性；源目标耦合和 reflow 次数须固定。
rectified_flow,generative_foundation,lsun_church_outdoor_val,0,0,formal_result_not_established_for_this_source_description,d81790cb6988ef480002adcc84000d4f44855b11fb868001fd53aad133bc3a74,https://arxiv.org/abs/2209.03003,直线化不保证一步推断能保持异常可分性；源目标耦合和 reflow 次数须固定。
rectified_flow,generative_foundation,afhq_original,0,0,formal_result_not_established_for_this_source_description,d81790cb6988ef480002adcc84000d4f44855b11fb868001fd53aad133bc3a74,https://arxiv.org/abs/2209.03003,直线化不保证一步推断能保持异常可分性；源目标耦合和 reflow 次数须固定。
rectified_flow,generative_foundation,celeba_hq_stargan_release,0,0,formal_result_not_established_for_this_source_description,d81790cb6988ef480002adcc84000d4f44855b11fb868001fd53aad133bc3a74,https://arxiv.org/abs/2209.03003,直线化不保证一步推断能保持异常可分性；源目标耦合和 reflow 次数须固定。
rectified_flow,generative_foundation,celeba_hq_original_reconstruction,0,0,formal_result_not_established_for_this_source_description,d81790cb6988ef480002adcc84000d4f44855b11fb868001fd53aad133bc3a74,https://arxiv.org/abs/2209.03003,直线化不保证一步推断能保持异常可分性；源目标耦合和 reflow 次数须固定。
rectified_flow,generative_foundation,metfaces_aligned,0,0,formal_result_not_established_for_this_source_description,d81790cb6988ef480002adcc84000d4f44855b11fb868001fd53aad133bc3a74,https://arxiv.org/abs/2209.03003,直线化不保证一步推断能保持异常可分性；源目标耦合和 reflow 次数须固定。
rectified_flow,generative_foundation,officehome,0,0,formal_result_not_established_for_this_source_description,d81790cb6988ef480002adcc84000d4f44855b11fb868001fd53aad133bc3a74,https://arxiv.org/abs/2209.03003,直线化不保证一步推断能保持异常可分性；源目标耦合和 reflow 次数须固定。
rectified_flow,generative_foundation,domainnet_clipart,0,0,formal_result_not_established_for_this_source_description,d81790cb6988ef480002adcc84000d4f44855b11fb868001fd53aad133bc3a74,https://arxiv.org/abs/2209.03003,直线化不保证一步推断能保持异常可分性；源目标耦合和 reflow 次数须固定。
rectified_flow,generative_foundation,domainnet_infograph,0,0,formal_result_not_established_for_this_source_description,d81790cb6988ef480002adcc84000d4f44855b11fb868001fd53aad133bc3a74,https://arxiv.org/abs/2209.03003,直线化不保证一步推断能保持异常可分性；源目标耦合和 reflow 次数须固定。
rectified_flow,generative_foundation,domainnet_painting,0,0,formal_result_not_established_for_this_source_description,d81790cb6988ef480002adcc84000d4f44855b11fb868001fd53aad133bc3a74,https://arxiv.org/abs/2209.03003,直线化不保证一步推断能保持异常可分性；源目标耦合和 reflow 次数须固定。
rectified_flow,generative_foundation,domainnet_quickdraw,0,0,formal_result_not_established_for_this_source_description,d81790cb6988ef480002adcc84000d4f44855b11fb868001fd53aad133bc3a74,https://arxiv.org/abs/2209.03003,直线化不保证一步推断能保持异常可分性；源目标耦合和 reflow 次数须固定。
rectified_flow,generative_foundation,domainnet_real,0,0,formal_result_not_established_for_this_source_description,d81790cb6988ef480002adcc84000d4f44855b11fb868001fd53aad133bc3a74,https://arxiv.org/abs/2209.03003,直线化不保证一步推断能保持异常可分性；源目标耦合和 reflow 次数须固定。
rectified_flow,generative_foundation,domainnet_sketch,0,0,formal_result_not_established_for_this_source_description,d81790cb6988ef480002adcc84000d4f44855b11fb868001fd53aad133bc3a74,https://arxiv.org/abs/2209.03003,直线化不保证一步推断能保持异常可分性；源目标耦合和 reflow 次数须固定。
rectified_flow,generative_foundation,rectified_flow_toy,0,0,formal_result_not_established_for_this_source_description,d81790cb6988ef480002adcc84000d4f44855b11fb868001fd53aad133bc3a74,https://arxiv.org/abs/2209.03003,直线化不保证一步推断能保持异常可分性；源目标耦合和 reflow 次数须固定。
rectified_flow,generative_foundation,rectified_flow_reflow_pairs,0,0,formal_result_not_established_for_this_source_description,d81790cb6988ef480002adcc84000d4f44855b11fb868001fd53aad133bc3a74,https://arxiv.org/abs/2209.03003,直线化不保证一步推断能保持异常可分性；源目标耦合和 reflow 次数须固定。
rectified_flow,generative_foundation,domainnet_clipart_train_index,0,0,formal_result_not_established_for_this_source_description,d81790cb6988ef480002adcc84000d4f44855b11fb868001fd53aad133bc3a74,https://arxiv.org/abs/2209.03003,直线化不保证一步推断能保持异常可分性；源目标耦合和 reflow 次数须固定。
rectified_flow,generative_foundation,domainnet_clipart_test_index,0,0,formal_result_not_established_for_this_source_description,d81790cb6988ef480002adcc84000d4f44855b11fb868001fd53aad133bc3a74,https://arxiv.org/abs/2209.03003,直线化不保证一步推断能保持异常可分性；源目标耦合和 reflow 次数须固定。
rectified_flow,generative_foundation,domainnet_infograph_train_index,0,0,formal_result_not_established_for_this_source_description,d81790cb6988ef480002adcc84000d4f44855b11fb868001fd53aad133bc3a74,https://arxiv.org/abs/2209.03003,直线化不保证一步推断能保持异常可分性；源目标耦合和 reflow 次数须固定。
rectified_flow,generative_foundation,domainnet_infograph_test_index,0,0,formal_result_not_established_for_this_source_description,d81790cb6988ef480002adcc84000d4f44855b11fb868001fd53aad133bc3a74,https://arxiv.org/abs/2209.03003,直线化不保证一步推断能保持异常可分性；源目标耦合和 reflow 次数须固定。
rectified_flow,generative_foundation,domainnet_painting_train_index,0,0,formal_result_not_established_for_this_source_description,d81790cb6988ef480002adcc84000d4f44855b11fb868001fd53aad133bc3a74,https://arxiv.org/abs/2209.03003,直线化不保证一步推断能保持异常可分性；源目标耦合和 reflow 次数须固定。
rectified_flow,generative_foundation,domainnet_painting_test_index,0,0,formal_result_not_established_for_this_source_description,d81790cb6988ef480002adcc84000d4f44855b11fb868001fd53aad133bc3a74,https://arxiv.org/abs/2209.03003,直线化不保证一步推断能保持异常可分性；源目标耦合和 reflow 次数须固定。
rectified_flow,generative_foundation,domainnet_quickdraw_train_index,0,0,formal_result_not_established_for_this_source_description,d81790cb6988ef480002adcc84000d4f44855b11fb868001fd53aad133bc3a74,https://arxiv.org/abs/2209.03003,直线化不保证一步推断能保持异常可分性；源目标耦合和 reflow 次数须固定。
rectified_flow,generative_foundation,domainnet_quickdraw_test_index,0,0,formal_result_not_established_for_this_source_description,d81790cb6988ef480002adcc84000d4f44855b11fb868001fd53aad133bc3a74,https://arxiv.org/abs/2209.03003,直线化不保证一步推断能保持异常可分性；源目标耦合和 reflow 次数须固定。
rectified_flow,generative_foundation,domainnet_real_train_index,0,0,formal_result_not_established_for_this_source_description,d81790cb6988ef480002adcc84000d4f44855b11fb868001fd53aad133bc3a74,https://arxiv.org/abs/2209.03003,直线化不保证一步推断能保持异常可分性；源目标耦合和 reflow 次数须固定。
rectified_flow,generative_foundation,domainnet_real_test_index,0,0,formal_result_not_established_for_this_source_description,d81790cb6988ef480002adcc84000d4f44855b11fb868001fd53aad133bc3a74,https://arxiv.org/abs/2209.03003,直线化不保证一步推断能保持异常可分性；源目标耦合和 reflow 次数须固定。
rectified_flow,generative_foundation,domainnet_sketch_train_index,0,0,formal_result_not_established_for_this_source_description,d81790cb6988ef480002adcc84000d4f44855b11fb868001fd53aad133bc3a74,https://arxiv.org/abs/2209.03003,直线化不保证一步推断能保持异常可分性；源目标耦合和 reflow 次数须固定。
rectified_flow,generative_foundation,domainnet_sketch_test_index,0,0,formal_result_not_established_for_this_source_description,d81790cb6988ef480002adcc84000d4f44855b11fb868001fd53aad133bc3a74,https://arxiv.org/abs/2209.03003,直线化不保证一步推断能保持异常可分性；源目标耦合和 reflow 次数须固定。
rectified_flow,generative_foundation,metfaces_metadata,0,0,formal_result_not_established_for_this_source_description,d81790cb6988ef480002adcc84000d4f44855b11fb868001fd53aad133bc3a74,https://arxiv.org/abs/2209.03003,直线化不保证一步推断能保持异常可分性；源目标耦合和 reflow 次数须固定。
ot_cfm,generative_foundation,cifar10,0,0,formal_result_not_established_for_this_source_description,c98a4834abffe8a5c4e27c13c36a10d83d38e8780c98c3891150c4e028094d0a,https://arxiv.org/abs/2302.00482,TorchCFM 的多个 objective 类是训练组件，不能按数量当作已经完成的检测器。
ot_cfm,generative_foundation,celeba_original,0,0,formal_result_not_established_for_this_source_description,c98a4834abffe8a5c4e27c13c36a10d83d38e8780c98c3891150c4e028094d0a,https://arxiv.org/abs/2302.00482,TorchCFM 的多个 objective 类是训练组件，不能按数量当作已经完成的检测器。
ot_cfm,generative_foundation,eb_processed_trajectorynet,0,0,formal_result_not_established_for_this_source_description,c98a4834abffe8a5c4e27c13c36a10d83d38e8780c98c3891150c4e028094d0a,https://arxiv.org/abs/2302.00482,TorchCFM 的多个 objective 类是训练组件，不能按数量当作已经完成的检测器。
ot_cfm,generative_foundation,eb_raw,0,0,formal_result_not_established_for_this_source_description,c98a4834abffe8a5c4e27c13c36a10d83d38e8780c98c3891150c4e028094d0a,https://arxiv.org/abs/2302.00482,TorchCFM 的多个 objective 类是训练组件，不能按数量当作已经完成的检测器。
ot_cfm,generative_foundation,neurips2022_cite_seq,0,0,formal_result_not_established_for_this_source_description,c98a4834abffe8a5c4e27c13c36a10d83d38e8780c98c3891150c4e028094d0a,https://arxiv.org/abs/2302.00482,TorchCFM 的多个 objective 类是训练组件，不能按数量当作已经完成的检测器。
ot_cfm,generative_foundation,neurips2022_multiome,0,0,formal_result_not_established_for_this_source_description,c98a4834abffe8a5c4e27c13c36a10d83d38e8780c98c3891150c4e028094d0a,https://arxiv.org/abs/2302.00482,TorchCFM 的多个 objective 类是训练组件，不能按数量当作已经完成的检测器。
ot_cfm,generative_foundation,ot_cfm_toy_distributions,0,0,formal_result_not_established_for_this_source_description,c98a4834abffe8a5c4e27c13c36a10d83d38e8780c98c3891150c4e028094d0a,https://arxiv.org/abs/2302.00482,TorchCFM 的多个 objective 类是训练组件，不能按数量当作已经完成的检测器。
ot_cfm,generative_foundation,ot_cfm_sb_ground_truth,0,0,formal_result_not_established_for_this_source_description,c98a4834abffe8a5c4e27c13c36a10d83d38e8780c98c3891150c4e028094d0a,https://arxiv.org/abs/2302.00482,TorchCFM 的多个 objective 类是训练组件，不能按数量当作已经完成的检测器。
ot_cfm,generative_foundation,ot_cfm_funnel_10d,0,0,formal_result_not_established_for_this_source_description,c98a4834abffe8a5c4e27c13c36a10d83d38e8780c98c3891150c4e028094d0a,https://arxiv.org/abs/2302.00482,TorchCFM 的多个 objective 类是训练组件，不能按数量当作已经完成的检测器。
tg_msfm,imputation,ETTh1,0,0,formal_result_not_established_for_this_source_description,6f36a93ec8fafbf326d8e71be5fac652229e6d272027595088a647b4455db187,https://proceedings.iclr.cc/paper_files/paper/2026/hash/51d317df78eded9eb3c9d3fb1091c279-Abstract-Conference.html,对齐左右上下文、gap-only 损失、ODE 步数与 DC 投影；属于插补而非原生检测。
tg_msfm,imputation,ETTh2,0,0,formal_result_not_established_for_this_source_description,6f36a93ec8fafbf326d8e71be5fac652229e6d272027595088a647b4455db187,https://proceedings.iclr.cc/paper_files/paper/2026/hash/51d317df78eded9eb3c9d3fb1091c279-Abstract-Conference.html,对齐左右上下文、gap-only 损失、ODE 步数与 DC 投影；属于插补而非原生检测。
tg_msfm,imputation,ETTm1,0,0,formal_result_not_established_for_this_source_description,6f36a93ec8fafbf326d8e71be5fac652229e6d272027595088a647b4455db187,https://proceedings.iclr.cc/paper_files/paper/2026/hash/51d317df78eded9eb3c9d3fb1091c279-Abstract-Conference.html,对齐左右上下文、gap-only 损失、ODE 步数与 DC 投影；属于插补而非原生检测。
tg_msfm,imputation,ETTm2,0,0,formal_result_not_established_for_this_source_description,6f36a93ec8fafbf326d8e71be5fac652229e6d272027595088a647b4455db187,https://proceedings.iclr.cc/paper_files/paper/2026/hash/51d317df78eded9eb3c9d3fb1091c279-Abstract-Conference.html,对齐左右上下文、gap-only 损失、ODE 步数与 DC 投影；属于插补而非原生检测。
tg_msfm,imputation,Electricity,0,0,formal_result_not_established_for_this_source_description,6f36a93ec8fafbf326d8e71be5fac652229e6d272027595088a647b4455db187,https://proceedings.iclr.cc/paper_files/paper/2026/hash/51d317df78eded9eb3c9d3fb1091c279-Abstract-Conference.html,对齐左右上下文、gap-only 损失、ODE 步数与 DC 投影；属于插补而非原生检测。
tg_msfm,imputation,Traffic,0,0,formal_result_not_established_for_this_source_description,6f36a93ec8fafbf326d8e71be5fac652229e6d272027595088a647b4455db187,https://proceedings.iclr.cc/paper_files/paper/2026/hash/51d317df78eded9eb3c9d3fb1091c279-Abstract-Conference.html,对齐左右上下文、gap-only 损失、ODE 步数与 DC 投影；属于插补而非原生检测。
tg_msfm,imputation,Weather,0,0,formal_result_not_established_for_this_source_description,6f36a93ec8fafbf326d8e71be5fac652229e6d272027595088a647b4455db187,https://proceedings.iclr.cc/paper_files/paper/2026/hash/51d317df78eded9eb3c9d3fb1091c279-Abstract-Conference.html,对齐左右上下文、gap-only 损失、ODE 步数与 DC 投影；属于插补而非原生检测。
tg_msfm,imputation,Illness,0,0,formal_result_not_established_for_this_source_description,6f36a93ec8fafbf326d8e71be5fac652229e6d272027595088a647b4455db187,https://proceedings.iclr.cc/paper_files/paper/2026/hash/51d317df78eded9eb3c9d3fb1091c279-Abstract-Conference.html,对齐左右上下文、gap-only 损失、ODE 步数与 DC 投影；属于插补而非原生检测。
tg_msfm,imputation,Exchange,0,0,formal_result_not_established_for_this_source_description,6f36a93ec8fafbf326d8e71be5fac652229e6d272027595088a647b4455db187,https://proceedings.iclr.cc/paper_files/paper/2026/hash/51d317df78eded9eb3c9d3fb1091c279-Abstract-Conference.html,对齐左右上下文、gap-only 损失、ODE 步数与 DC 投影；属于插补而非原生检测。
tg_msfm,imputation,PEMS03,0,0,formal_result_not_established_for_this_source_description,6f36a93ec8fafbf326d8e71be5fac652229e6d272027595088a647b4455db187,https://proceedings.iclr.cc/paper_files/paper/2026/hash/51d317df78eded9eb3c9d3fb1091c279-Abstract-Conference.html,对齐左右上下文、gap-only 损失、ODE 步数与 DC 投影；属于插补而非原生检测。
jfi,online_imputation_and_supervised_downstream,"TEP DTU 13385936.v1, mode1 first20faults selected simulations",0,0,formal_result_not_established_for_this_source_description,0597fb63d9fd680bf4f7346dbb5059c17913ef5300668fd34f63aac566c3e4b5,https://doi.org/10.1016/j.ces.2026.124467,"代码、主消融或组件已按原文还原；仍缺：Exact author code not located; branch reduction/separability and time embedding wiring are local choices.；Algorithm 1 line 6 omits factor t on z1; implementation follows explicit Eq.7 rather than that inconsistent line.；TEP simulation IDs, HP private data, pre-trained DCNN/SOFTS teacher pipelines, mask generator, preprocessing and exact paper hyperparameters not completed.；Online windows must contain only data available at deployment timestamp; LPD interpolates within supplied observed window.；Required frozen downstream teacher enforced when joint distillation weight > 0.；sigma/prior variance/loss weights here are explicit development defaults, not certified paper-best values."
jfi,online_imputation_and_supervised_downstream,HP private hydrocracking 66variables,0,0,formal_result_not_established_for_this_source_description,0597fb63d9fd680bf4f7346dbb5059c17913ef5300668fd34f63aac566c3e4b5,https://doi.org/10.1016/j.ces.2026.124467,"代码、主消融或组件已按原文还原；仍缺：Exact author code not located; branch reduction/separability and time embedding wiring are local choices.；Algorithm 1 line 6 omits factor t on z1; implementation follows explicit Eq.7 rather than that inconsistent line.；TEP simulation IDs, HP private data, pre-trained DCNN/SOFTS teacher pipelines, mask generator, preprocessing and exact paper hyperparameters not completed.；Online windows must contain only data available at deployment timestamp; LPD interpolates within supplied observed window.；Required frozen downstream teacher enforced when joint distillation weight > 0.；sigma/prior variance/loss weights here are explicit development defaults, not certified paper-best values."
sf2m,generative_foundation,8Gaussians/moons/scurve simulated,0,0,formal_result_not_established_for_this_source_description,4b492b1d7b03f377e04c91d672578a4708b5bb908a7a7cc1bd311e5de2750a55,https://arxiv.org/abs/2307.03672,SDE 噪声、熵正则和端点耦合与确定性 FM 分开冻结；原任务不是五数据集异常检测。
sf2m,generative_foundation,Gaussian-to-Gaussian simulated,0,0,formal_result_not_established_for_this_source_description,4b492b1d7b03f377e04c91d672578a4708b5bb908a7a7cc1bd311e5de2750a55,https://arxiv.org/abs/2307.03672,SDE 噪声、熵正则和端点耦合与确定性 FM 分开冻结；原任务不是五数据集异常检测。
sf2m,generative_foundation,Cite single-cell,0,0,formal_result_not_established_for_this_source_description,4b492b1d7b03f377e04c91d672578a4708b5bb908a7a7cc1bd311e5de2750a55,https://arxiv.org/abs/2307.03672,SDE 噪声、熵正则和端点耦合与确定性 FM 分开冻结；原任务不是五数据集异常检测。
sf2m,generative_foundation,EB single-cell,0,0,formal_result_not_established_for_this_source_description,4b492b1d7b03f377e04c91d672578a4708b5bb908a7a7cc1bd311e5de2750a55,https://arxiv.org/abs/2307.03672,SDE 噪声、熵正则和端点耦合与确定性 FM 分开冻结；原任务不是五数据集异常检测。
sf2m,generative_foundation,Multi single-cell,0,0,formal_result_not_established_for_this_source_description,4b492b1d7b03f377e04c91d672578a4708b5bb908a7a7cc1bd311e5de2750a55,https://arxiv.org/abs/2307.03672,SDE 噪声、熵正则和端点耦合与确定性 FM 分开冻结；原任务不是五数据集异常检测。
sf2m,generative_foundation,BoolODE simulated bifurcation/trifurcation,0,0,formal_result_not_established_for_this_source_description,4b492b1d7b03f377e04c91d672578a4708b5bb908a7a7cc1bd311e5de2750a55,https://arxiv.org/abs/2307.03672,SDE 噪声、熵正则和端点耦合与确定性 FM 分开冻结；原任务不是五数据集异常检测。
sf2m,generative_foundation,CIFAR-10 appendix,0,0,formal_result_not_established_for_this_source_description,4b492b1d7b03f377e04c91d672578a4708b5bb908a7a7cc1bd311e5de2750a55,https://arxiv.org/abs/2307.03672,SDE 噪声、熵正则和端点耦合与确定性 FM 分开冻结；原任务不是五数据集异常检测。
building_stochastic_interpolants,generative_foundation,POWER,0,0,formal_result_not_established_for_this_source_description,73875aac701bc4ab7c0250afc898ef75dd21ee1b97d9a838cc8b48d8fbc42124,https://arxiv.org/abs/2209.15571,三角/方差保持路径与线性路径的差异必须落实到配置；理论条件不等于检测性能。
building_stochastic_interpolants,generative_foundation,GAS,0,0,formal_result_not_established_for_this_source_description,73875aac701bc4ab7c0250afc898ef75dd21ee1b97d9a838cc8b48d8fbc42124,https://arxiv.org/abs/2209.15571,三角/方差保持路径与线性路径的差异必须落实到配置；理论条件不等于检测性能。
building_stochastic_interpolants,generative_foundation,HEPMASS,0,0,formal_result_not_established_for_this_source_description,73875aac701bc4ab7c0250afc898ef75dd21ee1b97d9a838cc8b48d8fbc42124,https://arxiv.org/abs/2209.15571,三角/方差保持路径与线性路径的差异必须落实到配置；理论条件不等于检测性能。
building_stochastic_interpolants,generative_foundation,MINIBOONE,0,0,formal_result_not_established_for_this_source_description,73875aac701bc4ab7c0250afc898ef75dd21ee1b97d9a838cc8b48d8fbc42124,https://arxiv.org/abs/2209.15571,三角/方差保持路径与线性路径的差异必须落实到配置；理论条件不等于检测性能。
building_stochastic_interpolants,generative_foundation,BSDS300,0,0,formal_result_not_established_for_this_source_description,73875aac701bc4ab7c0250afc898ef75dd21ee1b97d9a838cc8b48d8fbc42124,https://arxiv.org/abs/2209.15571,三角/方差保持路径与线性路径的差异必须落实到配置；理论条件不等于检测性能。
building_stochastic_interpolants,generative_foundation,CIFAR-10,0,0,formal_result_not_established_for_this_source_description,73875aac701bc4ab7c0250afc898ef75dd21ee1b97d9a838cc8b48d8fbc42124,https://arxiv.org/abs/2209.15571,三角/方差保持路径与线性路径的差异必须落实到配置；理论条件不等于检测性能。
building_stochastic_interpolants,generative_foundation,ImageNet32x32,0,0,formal_result_not_established_for_this_source_description,73875aac701bc4ab7c0250afc898ef75dd21ee1b97d9a838cc8b48d8fbc42124,https://arxiv.org/abs/2209.15571,三角/方差保持路径与线性路径的差异必须落实到配置；理论条件不等于检测性能。
building_stochastic_interpolants,generative_foundation,Oxford Flowers128x128,0,0,formal_result_not_established_for_this_source_description,73875aac701bc4ab7c0250afc898ef75dd21ee1b97d9a838cc8b48d8fbc42124,https://arxiv.org/abs/2209.15571,三角/方差保持路径与线性路径的差异必须落实到配置；理论条件不等于检测性能。
stochastic_interpolants_framework,generative_foundation,2D simulated distributions,0,0,formal_result_not_established_for_this_source_description,729e445e5498c97a87a925ff08f084f741eef2cd4e018e83b898fdea7f19bdef,https://arxiv.org/abs/2303.08797,该扩展理论版单独登记，不能重复计作独立 TSAD 算法；须核对端点与噪声条件。
stochastic_interpolants_framework,generative_foundation,128D Gaussian mixture simulated,0,0,formal_result_not_established_for_this_source_description,729e445e5498c97a87a925ff08f084f741eef2cd4e018e83b898fdea7f19bdef,https://arxiv.org/abs/2303.08797,该扩展理论版单独登记，不能重复计作独立 TSAD 算法；须核对端点与噪声条件。
stochastic_interpolants_framework,generative_foundation,Oxford Flowers128x128,0,0,formal_result_not_established_for_this_source_description,729e445e5498c97a87a925ff08f084f741eef2cd4e018e83b898fdea7f19bdef,https://arxiv.org/abs/2303.08797,该扩展理论版单独登记，不能重复计作独立 TSAD 算法；须核对端点与噪声条件。
spectral_mean_flow,sequence_modeling,Sines simulated,0,0,formal_result_not_established_for_this_source_description,7471d9b2dba02e1415c2ada64e3219b02849b9451feed05fbd6ef64c891c621e,https://arxiv.org/abs/2510.15366,这里的 mean flow 是谱均值嵌入方法，不能与其他同名平均速度一步生成法混同。
spectral_mean_flow,sequence_modeling,Stocks,0,0,formal_result_not_established_for_this_source_description,7471d9b2dba02e1415c2ada64e3219b02849b9451feed05fbd6ef64c891c621e,https://arxiv.org/abs/2510.15366,这里的 mean flow 是谱均值嵌入方法，不能与其他同名平均速度一步生成法混同。
spectral_mean_flow,sequence_modeling,ETTh,0,0,formal_result_not_established_for_this_source_description,7471d9b2dba02e1415c2ada64e3219b02849b9451feed05fbd6ef64c891c621e,https://arxiv.org/abs/2510.15366,这里的 mean flow 是谱均值嵌入方法，不能与其他同名平均速度一步生成法混同。
spectral_mean_flow,sequence_modeling,MuJoCo simulated,0,0,formal_result_not_established_for_this_source_description,7471d9b2dba02e1415c2ada64e3219b02849b9451feed05fbd6ef64c891c621e,https://arxiv.org/abs/2510.15366,这里的 mean flow 是谱均值嵌入方法，不能与其他同名平均速度一步生成法混同。
spectral_mean_flow,sequence_modeling,Energy,0,0,formal_result_not_established_for_this_source_description,7471d9b2dba02e1415c2ada64e3219b02849b9451feed05fbd6ef64c891c621e,https://arxiv.org/abs/2510.15366,这里的 mean flow 是谱均值嵌入方法，不能与其他同名平均速度一步生成法混同。
spectral_mean_flow,sequence_modeling,fMRI,0,0,formal_result_not_established_for_this_source_description,7471d9b2dba02e1415c2ada64e3219b02849b9451feed05fbd6ef64c891c621e,https://arxiv.org/abs/2510.15366,这里的 mean flow 是谱均值嵌入方法，不能与其他同名平均速度一步生成法混同。
spectral_mean_flow,sequence_modeling,FRED-MD,0,0,formal_result_not_established_for_this_source_description,7471d9b2dba02e1415c2ada64e3219b02849b9451feed05fbd6ef64c891c621e,https://arxiv.org/abs/2510.15366,这里的 mean flow 是谱均值嵌入方法，不能与其他同名平均速度一步生成法混同。
spectral_mean_flow,sequence_modeling,NN5 Daily,0,0,formal_result_not_established_for_this_source_description,7471d9b2dba02e1415c2ada64e3219b02849b9451feed05fbd6ef64c891c621e,https://arxiv.org/abs/2510.15366,这里的 mean flow 是谱均值嵌入方法，不能与其他同名平均速度一步生成法混同。
cfm_ts,continuous_time_dynamics,Lotka-Volterra simulated ODE,0,0,formal_result_not_established_for_this_source_description,090df538861bab7fe4aa5432b1872e1aacec74ed6680b012d0ce743d26a32827,https://openreview.net/forum?id=Hqn4Aj7xrQ,代码、主消融或组件已按原文还原；仍缺：author formula interpretation；exact simulation split/count version；author network and dopri5 adjoint NODE baseline；full five-seed MSE experiments
cfm_ts,continuous_time_dynamics,Sine simulated ODE,0,0,formal_result_not_established_for_this_source_description,090df538861bab7fe4aa5432b1872e1aacec74ed6680b012d0ce743d26a32827,https://openreview.net/forum?id=Hqn4Aj7xrQ,代码、主消融或组件已按原文还原；仍缺：author formula interpretation；exact simulation split/count version；author network and dopri5 adjoint NODE baseline；full five-seed MSE experiments
cfm_ts,continuous_time_dynamics,Pendulum simulated ODE,0,0,formal_result_not_established_for_this_source_description,090df538861bab7fe4aa5432b1872e1aacec74ed6680b012d0ce743d26a32827,https://openreview.net/forum?id=Hqn4Aj7xrQ,代码、主消融或组件已按原文还原；仍缺：author formula interpretation；exact simulation split/count version；author network and dopri5 adjoint NODE baseline；full five-seed MSE experiments
instaflow,text_to_image_generation,Filtered laion2B-en text prompts,0,0,formal_result_not_established_for_this_source_description,a3dcea6ded67aac088bdbf1d80c84ba4f388825f1fb7ba69bedefdcb460b41ca,https://github.com/gnobitab/RectifiedFlow,仅作为快速积分/蒸馏工程参考；图像训练数据和大规模预算不在时序基准实验内。
instaflow,text_to_image_generation,Generated teacher image-noise pairs,0,0,formal_result_not_established_for_this_source_description,a3dcea6ded67aac088bdbf1d80c84ba4f388825f1fb7ba69bedefdcb460b41ca,https://github.com/gnobitab/RectifiedFlow,仅作为快速积分/蒸馏工程参考；图像训练数据和大规模预算不在时序基准实验内。
instaflow,text_to_image_generation,MS COCO2017 5k,0,0,formal_result_not_established_for_this_source_description,a3dcea6ded67aac088bdbf1d80c84ba4f388825f1fb7ba69bedefdcb460b41ca,https://github.com/gnobitab/RectifiedFlow,仅作为快速积分/蒸馏工程参考；图像训练数据和大规模预算不在时序基准实验内。
instaflow,text_to_image_generation,MS COCO2014 30k,0,0,formal_result_not_established_for_this_source_description,a3dcea6ded67aac088bdbf1d80c84ba4f388825f1fb7ba69bedefdcb460b41ca,https://github.com/gnobitab/RectifiedFlow,仅作为快速积分/蒸馏工程参考；图像训练数据和大规模预算不在时序基准实验内。
flow_mismatching,image_anomaly_detection,MVTec-AD,0,0,formal_result_not_established_for_this_source_description,6f6791875149663cfc8703ae87f744858c7ef80d17b1b58e05512fa830e4f8b5,https://arxiv.org/abs/2605.23070,"代码、主消融或组件已按原文还原；仍缺：No Flow Mismatching author repository located; architecture assembled from related cited Meta U-Net.；Exact StableAdamW with update RMS clipping training pipeline, MVTec/VisA splits, category training and checkpoint reproduction remain pending.；Compared Reflect, WT-Flow, TCCM, D-Flow, ReconFlow implementations from Appendix C are not represented by this detector primitive.；Time weighting switch is a local diagnostic supported by toy analysis; it is not a claim of all paper ablations.；K/T sweep list is a development grid; all paper Table 6 rows still require exact transcription.；Original task is image detection; do not report as TSAD performance."
flow_mismatching,image_anomaly_detection,VisA,0,0,formal_result_not_established_for_this_source_description,6f6791875149663cfc8703ae87f744858c7ef80d17b1b58e05512fa830e4f8b5,https://arxiv.org/abs/2605.23070,"代码、主消融或组件已按原文还原；仍缺：No Flow Mismatching author repository located; architecture assembled from related cited Meta U-Net.；Exact StableAdamW with update RMS clipping training pipeline, MVTec/VisA splits, category training and checkpoint reproduction remain pending.；Compared Reflect, WT-Flow, TCCM, D-Flow, ReconFlow implementations from Appendix C are not represented by this detector primitive.；Time weighting switch is a local diagnostic supported by toy analysis; it is not a claim of all paper ablations.；K/T sweep list is a development grid; all paper Table 6 rows still require exact transcription.；Original task is image detection; do not report as TSAD performance."
maelnet,time_series_anomaly_detection,SMAP,0,0,formal_result_not_established_for_this_source_description,e8fc86e86276fab178a0af2b309e04c951beb58be51626a124bc4c3f3c7d06e1,https://doi.org/10.1109/AI-SI66213.2025.11341688,原文链接官方ModMaelNet源码、CPU核心前后向和奖励/去慢学习器变体在场；完整RL、checkpoint及协议验收待做。
maelnet,time_series_anomaly_detection,MSL,0,0,formal_result_not_established_for_this_source_description,e8fc86e86276fab178a0af2b309e04c951beb58be51626a124bc4c3f3c7d06e1,https://doi.org/10.1109/AI-SI66213.2025.11341688,原文链接官方ModMaelNet源码、CPU核心前后向和奖励/去慢学习器变体在场；完整RL、checkpoint及协议验收待做。
maelnet,time_series_anomaly_detection,SMD,0,0,formal_result_not_established_for_this_source_description,e8fc86e86276fab178a0af2b309e04c951beb58be51626a124bc4c3f3c7d06e1,https://doi.org/10.1109/AI-SI66213.2025.11341688,原文链接官方ModMaelNet源码、CPU核心前后向和奖励/去慢学习器变体在场；完整RL、checkpoint及协议验收待做。
maelnet,time_series_anomaly_detection,PSM,0,0,formal_result_not_established_for_this_source_description,e8fc86e86276fab178a0af2b309e04c951beb58be51626a124bc4c3f3c7d06e1,https://doi.org/10.1109/AI-SI66213.2025.11341688,原文链接官方ModMaelNet源码、CPU核心前后向和奖励/去慢学习器变体在场；完整RL、checkpoint及协议验收待做。
maelnet,time_series_anomaly_detection,SWaT,0,0,formal_result_not_established_for_this_source_description,e8fc86e86276fab178a0af2b309e04c951beb58be51626a124bc4c3f3c7d06e1,https://doi.org/10.1109/AI-SI66213.2025.11341688,原文链接官方ModMaelNet源码、CPU核心前后向和奖励/去慢学习器变体在场；完整RL、checkpoint及协议验收待做。
pi_transformer,time_series_anomaly_detection,SMAP,0,0,formal_result_not_established_for_this_source_description,da5c00ebc02675c406ef5228f9a3b9b9e4ccc531c64bba5c97375d879dd7aa44,https://doi.org/10.1016/j.asoc.2026.115029,镜像源码的CPU构造、phase reshape、causal mask与prior支持四项修复及single-head配置已物化；作者现仓库仍仅README/LICENSE，完整期刊等价性待核。
pi_transformer,time_series_anomaly_detection,MSL,0,0,formal_result_not_established_for_this_source_description,da5c00ebc02675c406ef5228f9a3b9b9e4ccc531c64bba5c97375d879dd7aa44,https://doi.org/10.1016/j.asoc.2026.115029,镜像源码的CPU构造、phase reshape、causal mask与prior支持四项修复及single-head配置已物化；作者现仓库仍仅README/LICENSE，完整期刊等价性待核。
pi_transformer,time_series_anomaly_detection,SMD,0,0,formal_result_not_established_for_this_source_description,da5c00ebc02675c406ef5228f9a3b9b9e4ccc531c64bba5c97375d879dd7aa44,https://doi.org/10.1016/j.asoc.2026.115029,镜像源码的CPU构造、phase reshape、causal mask与prior支持四项修复及single-head配置已物化；作者现仓库仍仅README/LICENSE，完整期刊等价性待核。
pi_transformer,time_series_anomaly_detection,PSM,0,0,formal_result_not_established_for_this_source_description,da5c00ebc02675c406ef5228f9a3b9b9e4ccc531c64bba5c97375d879dd7aa44,https://doi.org/10.1016/j.asoc.2026.115029,镜像源码的CPU构造、phase reshape、causal mask与prior支持四项修复及single-head配置已物化；作者现仓库仍仅README/LICENSE，完整期刊等价性待核。
pi_transformer,time_series_anomaly_detection,SWaT,0,0,formal_result_not_established_for_this_source_description,da5c00ebc02675c406ef5228f9a3b9b9e4ccc531c64bba5c97375d879dd7aa44,https://doi.org/10.1016/j.asoc.2026.115029,镜像源码的CPU构造、phase reshape、causal mask与prior支持四项修复及single-head配置已物化；作者现仓库仍仅README/LICENSE，完整期刊等价性待核。
dt_la,time_series_anomaly_detection,SMAP,0,0,formal_result_not_established_for_this_source_description,6168294a9f5c6f8c5af6d432842cacd43a70f22b6a62ded2b22ed35f18577f1d,https://doi.org/10.1109/ACCESS.2025.3594473,MRH、双编码器、注意力熵、scaled-softmax及fit/score和显式消融已还原；未公开架构/归约/验证搜索细节待核。
dt_la,time_series_anomaly_detection,MSL,0,0,formal_result_not_established_for_this_source_description,6168294a9f5c6f8c5af6d432842cacd43a70f22b6a62ded2b22ed35f18577f1d,https://doi.org/10.1109/ACCESS.2025.3594473,MRH、双编码器、注意力熵、scaled-softmax及fit/score和显式消融已还原；未公开架构/归约/验证搜索细节待核。
dt_la,time_series_anomaly_detection,SMD,0,0,formal_result_not_established_for_this_source_description,6168294a9f5c6f8c5af6d432842cacd43a70f22b6a62ded2b22ed35f18577f1d,https://doi.org/10.1109/ACCESS.2025.3594473,MRH、双编码器、注意力熵、scaled-softmax及fit/score和显式消融已还原；未公开架构/归约/验证搜索细节待核。
dt_la,time_series_anomaly_detection,PSM,0,0,formal_result_not_established_for_this_source_description,6168294a9f5c6f8c5af6d432842cacd43a70f22b6a62ded2b22ed35f18577f1d,https://doi.org/10.1109/ACCESS.2025.3594473,MRH、双编码器、注意力熵、scaled-softmax及fit/score和显式消融已还原；未公开架构/归约/验证搜索细节待核。
dt_la,time_series_anomaly_detection,SWaT,0,0,formal_result_not_established_for_this_source_description,6168294a9f5c6f8c5af6d432842cacd43a70f22b6a62ded2b22ed35f18577f1d,https://doi.org/10.1109/ACCESS.2025.3594473,MRH、双编码器、注意力熵、scaled-softmax及fit/score和显式消融已还原；未公开架构/归约/验证搜索细节待核。
shcl,time_series_anomaly_detection,SMAP,0,0,formal_result_not_established_for_this_source_description,456b002acc917aa972d4a76f9bb84acaf467dcce210b48b8288ee3a950926ce0,https://doi.org/10.1016/j.ins.2025.122680,作者VAE源码保留，五骨干Transformer/VAE/CNN/RNN/LSTM及THM/连续性/高斯KL/评分和部分消融已补；adaptive masking及精确架构仍待对齐。
shcl,time_series_anomaly_detection,MSL,0,0,formal_result_not_established_for_this_source_description,456b002acc917aa972d4a76f9bb84acaf467dcce210b48b8288ee3a950926ce0,https://doi.org/10.1016/j.ins.2025.122680,作者VAE源码保留，五骨干Transformer/VAE/CNN/RNN/LSTM及THM/连续性/高斯KL/评分和部分消融已补；adaptive masking及精确架构仍待对齐。
shcl,time_series_anomaly_detection,SMD,0,0,formal_result_not_established_for_this_source_description,456b002acc917aa972d4a76f9bb84acaf467dcce210b48b8288ee3a950926ce0,https://doi.org/10.1016/j.ins.2025.122680,作者VAE源码保留，五骨干Transformer/VAE/CNN/RNN/LSTM及THM/连续性/高斯KL/评分和部分消融已补；adaptive masking及精确架构仍待对齐。
shcl,time_series_anomaly_detection,PSM,0,0,formal_result_not_established_for_this_source_description,456b002acc917aa972d4a76f9bb84acaf467dcce210b48b8288ee3a950926ce0,https://doi.org/10.1016/j.ins.2025.122680,作者VAE源码保留，五骨干Transformer/VAE/CNN/RNN/LSTM及THM/连续性/高斯KL/评分和部分消融已补；adaptive masking及精确架构仍待对齐。
shcl,time_series_anomaly_detection,SWaT,0,0,formal_result_not_established_for_this_source_description,456b002acc917aa972d4a76f9bb84acaf467dcce210b48b8288ee3a950926ce0,https://doi.org/10.1016/j.ins.2025.122680,作者VAE源码保留，五骨干Transformer/VAE/CNN/RNN/LSTM及THM/连续性/高斯KL/评分和部分消融已补；adaptive masking及精确架构仍待对齐。
shcl,time_series_anomaly_detection,GECCO,0,0,formal_result_not_established_for_this_source_description,456b002acc917aa972d4a76f9bb84acaf467dcce210b48b8288ee3a950926ce0,https://doi.org/10.1016/j.ins.2025.122680,作者VAE源码保留，五骨干Transformer/VAE/CNN/RNN/LSTM及THM/连续性/高斯KL/评分和部分消融已补；adaptive masking及精确架构仍待对齐。
shcl,time_series_anomaly_detection,SWAN,0,0,formal_result_not_established_for_this_source_description,456b002acc917aa972d4a76f9bb84acaf467dcce210b48b8288ee3a950926ce0,https://doi.org/10.1016/j.ins.2025.122680,作者VAE源码保留，五骨干Transformer/VAE/CNN/RNN/LSTM及THM/连续性/高斯KL/评分和部分消融已补；adaptive masking及精确架构仍待对齐。
shcl,time_series_anomaly_detection,UCR,0,0,formal_result_not_established_for_this_source_description,456b002acc917aa972d4a76f9bb84acaf467dcce210b48b8288ee3a950926ce0,https://doi.org/10.1016/j.ins.2025.122680,作者VAE源码保留，五骨干Transformer/VAE/CNN/RNN/LSTM及THM/连续性/高斯KL/评分和部分消融已补；adaptive masking及精确架构仍待对齐。
kgl,time_series_anomaly_detection,SMD,0,0,formal_result_not_established_for_this_source_description,fc653bdc799f8dadc51dba920a74ef218a832f519170a05a839705f9dda2db7d,https://doi.org/10.1145/3778450.3778526,GAT、cubic B-spline KAN、LSTM与去模块消融已还原；论文未公开训练目标/输出头/图邻域，本地选择显式登记，非完整原版。
kgl,time_series_anomaly_detection,SMAP,0,0,formal_result_not_established_for_this_source_description,fc653bdc799f8dadc51dba920a74ef218a832f519170a05a839705f9dda2db7d,https://doi.org/10.1145/3778450.3778526,GAT、cubic B-spline KAN、LSTM与去模块消融已还原；论文未公开训练目标/输出头/图邻域，本地选择显式登记，非完整原版。
crossad,time_series_anomaly_detection,SMD,0,0,formal_result_not_established_for_this_source_description,03704683cc43303062227fa17de375ca7eeb8d9cdae3a7e9d68875a6cd887add,https://doi.org/10.52202/085713-4605,原作者对 SMAP/MSL 使用首个连续特征的轨道，不能与全变量版本混合排行。
crossad,time_series_anomaly_detection,MSL,0,0,formal_result_not_established_for_this_source_description,03704683cc43303062227fa17de375ca7eeb8d9cdae3a7e9d68875a6cd887add,https://doi.org/10.52202/085713-4605,原作者对 SMAP/MSL 使用首个连续特征的轨道，不能与全变量版本混合排行。
crossad,time_series_anomaly_detection,SMAP,0,0,formal_result_not_established_for_this_source_description,03704683cc43303062227fa17de375ca7eeb8d9cdae3a7e9d68875a6cd887add,https://doi.org/10.52202/085713-4605,原作者对 SMAP/MSL 使用首个连续特征的轨道，不能与全变量版本混合排行。
crossad,time_series_anomaly_detection,SWaT,0,0,formal_result_not_established_for_this_source_description,03704683cc43303062227fa17de375ca7eeb8d9cdae3a7e9d68875a6cd887add,https://doi.org/10.52202/085713-4605,原作者对 SMAP/MSL 使用首个连续特征的轨道，不能与全变量版本混合排行。
crossad,time_series_anomaly_detection,PSM,0,0,formal_result_not_established_for_this_source_description,03704683cc43303062227fa17de375ca7eeb8d9cdae3a7e9d68875a6cd887add,https://doi.org/10.52202/085713-4605,原作者对 SMAP/MSL 使用首个连续特征的轨道，不能与全变量版本混合排行。
crossad,time_series_anomaly_detection,GECCO,0,0,formal_result_not_established_for_this_source_description,03704683cc43303062227fa17de375ca7eeb8d9cdae3a7e9d68875a6cd887add,https://doi.org/10.52202/085713-4605,原作者对 SMAP/MSL 使用首个连续特征的轨道，不能与全变量版本混合排行。
crossad,time_series_anomaly_detection,SWAN,0,0,formal_result_not_established_for_this_source_description,03704683cc43303062227fa17de375ca7eeb8d9cdae3a7e9d68875a6cd887add,https://doi.org/10.52202/085713-4605,原作者对 SMAP/MSL 使用首个连续特征的轨道，不能与全变量版本混合排行。
timesnet,general_time_series,SMAP,0,0,formal_result_not_established_for_this_source_description,12da8da7bf1b3db1bdbd55ef0358967c6b49d84f6183f7da7176c57cecd4d513,https://arxiv.org/abs/2210.02186,异常轨道依赖重建分数和发布脚本阈值；归一化、SWaT参数扫描、point adjustment须显式披露。
timesnet,general_time_series,MSL,0,0,formal_result_not_established_for_this_source_description,12da8da7bf1b3db1bdbd55ef0358967c6b49d84f6183f7da7176c57cecd4d513,https://arxiv.org/abs/2210.02186,异常轨道依赖重建分数和发布脚本阈值；归一化、SWaT参数扫描、point adjustment须显式披露。
timesnet,general_time_series,SMD,0,0,formal_result_not_established_for_this_source_description,12da8da7bf1b3db1bdbd55ef0358967c6b49d84f6183f7da7176c57cecd4d513,https://arxiv.org/abs/2210.02186,异常轨道依赖重建分数和发布脚本阈值；归一化、SWaT参数扫描、point adjustment须显式披露。
timesnet,general_time_series,PSM,0,0,formal_result_not_established_for_this_source_description,12da8da7bf1b3db1bdbd55ef0358967c6b49d84f6183f7da7176c57cecd4d513,https://arxiv.org/abs/2210.02186,异常轨道依赖重建分数和发布脚本阈值；归一化、SWaT参数扫描、point adjustment须显式披露。
timesnet,general_time_series,SWaT,0,0,formal_result_not_established_for_this_source_description,12da8da7bf1b3db1bdbd55ef0358967c6b49d84f6183f7da7176c57cecd4d513,https://arxiv.org/abs/2210.02186,异常轨道依赖重建分数和发布脚本阈值；归一化、SWaT参数扫描、point adjustment须显式披露。
moment,time_series_foundation,SMAP,0,0,formal_result_not_established_for_this_source_description,037108e4be01e9ae7643bbe54bd4f65c9b5710d53f336c05054e68be645124e2,https://arxiv.org/abs/2402.03885,预训练数据重叠与权重哈希须核对；zero-shot/微调及论文自己的异常协议分别报告。
moment,time_series_foundation,MSL,0,0,formal_result_not_established_for_this_source_description,037108e4be01e9ae7643bbe54bd4f65c9b5710d53f336c05054e68be645124e2,https://arxiv.org/abs/2402.03885,预训练数据重叠与权重哈希须核对；zero-shot/微调及论文自己的异常协议分别报告。
moment,time_series_foundation,SMD,0,0,formal_result_not_established_for_this_source_description,037108e4be01e9ae7643bbe54bd4f65c9b5710d53f336c05054e68be645124e2,https://arxiv.org/abs/2402.03885,预训练数据重叠与权重哈希须核对；zero-shot/微调及论文自己的异常协议分别报告。
moment,time_series_foundation,PSM,0,0,formal_result_not_established_for_this_source_description,037108e4be01e9ae7643bbe54bd4f65c9b5710d53f336c05054e68be645124e2,https://arxiv.org/abs/2402.03885,预训练数据重叠与权重哈希须核对；zero-shot/微调及论文自己的异常协议分别报告。
moment,time_series_foundation,SWaT,0,0,formal_result_not_established_for_this_source_description,037108e4be01e9ae7643bbe54bd4f65c9b5710d53f336c05054e68be645124e2,https://arxiv.org/abs/2402.03885,预训练数据重叠与权重哈希须核对；zero-shot/微调及论文自己的异常协议分别报告。
moment_long_context,forecasting_and_classification,Exchange,0,0,formal_result_not_established_for_this_source_description,3e67405b691183dab729d6f2e56421280d8bb1268761f190468d8bce9e326413,https://arxiv.org/abs/2409.13530v1,"代码、主消融或组件已按原文还原；仍缺：MOMENT patching/embedding/RevIN/head reused; T5-efficient-tiny sized random encoder prepared. Original MOMENT-Tiny/ICM checkpoints and exact pretraining not available here.；All context expansion baselines, 26 UEA SVM pipelines, one-epoch Time Series Pile and original forecasting datasets have not been run.；Original T5 relative bias/dropout retained, while compressed-memory aggregation excludes padded keys. Exact unpublished author ICM insertion semantics not independently verified.；Forecast and reconstruction/feature modes available; original SVM classification experiment remains separate."
moment_long_context,forecasting_and_classification,ETTh1,0,0,formal_result_not_established_for_this_source_description,3e67405b691183dab729d6f2e56421280d8bb1268761f190468d8bce9e326413,https://arxiv.org/abs/2409.13530v1,"代码、主消融或组件已按原文还原；仍缺：MOMENT patching/embedding/RevIN/head reused; T5-efficient-tiny sized random encoder prepared. Original MOMENT-Tiny/ICM checkpoints and exact pretraining not available here.；All context expansion baselines, 26 UEA SVM pipelines, one-epoch Time Series Pile and original forecasting datasets have not been run.；Original T5 relative bias/dropout retained, while compressed-memory aggregation excludes padded keys. Exact unpublished author ICM insertion semantics not independently verified.；Forecast and reconstruction/feature modes available; original SVM classification experiment remains separate."
moment_long_context,forecasting_and_classification,ETTh2,0,0,formal_result_not_established_for_this_source_description,3e67405b691183dab729d6f2e56421280d8bb1268761f190468d8bce9e326413,https://arxiv.org/abs/2409.13530v1,"代码、主消融或组件已按原文还原；仍缺：MOMENT patching/embedding/RevIN/head reused; T5-efficient-tiny sized random encoder prepared. Original MOMENT-Tiny/ICM checkpoints and exact pretraining not available here.；All context expansion baselines, 26 UEA SVM pipelines, one-epoch Time Series Pile and original forecasting datasets have not been run.；Original T5 relative bias/dropout retained, while compressed-memory aggregation excludes padded keys. Exact unpublished author ICM insertion semantics not independently verified.；Forecast and reconstruction/feature modes available; original SVM classification experiment remains separate."
moment_long_context,forecasting_and_classification,ETTm1,0,0,formal_result_not_established_for_this_source_description,3e67405b691183dab729d6f2e56421280d8bb1268761f190468d8bce9e326413,https://arxiv.org/abs/2409.13530v1,"代码、主消融或组件已按原文还原；仍缺：MOMENT patching/embedding/RevIN/head reused; T5-efficient-tiny sized random encoder prepared. Original MOMENT-Tiny/ICM checkpoints and exact pretraining not available here.；All context expansion baselines, 26 UEA SVM pipelines, one-epoch Time Series Pile and original forecasting datasets have not been run.；Original T5 relative bias/dropout retained, while compressed-memory aggregation excludes padded keys. Exact unpublished author ICM insertion semantics not independently verified.；Forecast and reconstruction/feature modes available; original SVM classification experiment remains separate."
moment_long_context,forecasting_and_classification,ETTm2,0,0,formal_result_not_established_for_this_source_description,3e67405b691183dab729d6f2e56421280d8bb1268761f190468d8bce9e326413,https://arxiv.org/abs/2409.13530v1,"代码、主消融或组件已按原文还原；仍缺：MOMENT patching/embedding/RevIN/head reused; T5-efficient-tiny sized random encoder prepared. Original MOMENT-Tiny/ICM checkpoints and exact pretraining not available here.；All context expansion baselines, 26 UEA SVM pipelines, one-epoch Time Series Pile and original forecasting datasets have not been run.；Original T5 relative bias/dropout retained, while compressed-memory aggregation excludes padded keys. Exact unpublished author ICM insertion semantics not independently verified.；Forecast and reconstruction/feature modes available; original SVM classification experiment remains separate."
moment_long_context,forecasting_and_classification,Weather,0,0,formal_result_not_established_for_this_source_description,3e67405b691183dab729d6f2e56421280d8bb1268761f190468d8bce9e326413,https://arxiv.org/abs/2409.13530v1,"代码、主消融或组件已按原文还原；仍缺：MOMENT patching/embedding/RevIN/head reused; T5-efficient-tiny sized random encoder prepared. Original MOMENT-Tiny/ICM checkpoints and exact pretraining not available here.；All context expansion baselines, 26 UEA SVM pipelines, one-epoch Time Series Pile and original forecasting datasets have not been run.；Original T5 relative bias/dropout retained, while compressed-memory aggregation excludes padded keys. Exact unpublished author ICM insertion semantics not independently verified.；Forecast and reconstruction/feature modes available; original SVM classification experiment remains separate."
moment_long_context,forecasting_and_classification,26 UEA classification datasets,0,0,formal_result_not_established_for_this_source_description,3e67405b691183dab729d6f2e56421280d8bb1268761f190468d8bce9e326413,https://arxiv.org/abs/2409.13530v1,"代码、主消融或组件已按原文还原；仍缺：MOMENT patching/embedding/RevIN/head reused; T5-efficient-tiny sized random encoder prepared. Original MOMENT-Tiny/ICM checkpoints and exact pretraining not available here.；All context expansion baselines, 26 UEA SVM pipelines, one-epoch Time Series Pile and original forecasting datasets have not been run.；Original T5 relative bias/dropout retained, while compressed-memory aggregation excludes padded keys. Exact unpublished author ICM insertion semantics not independently verified.；Forecast and reconstruction/feature modes available; original SVM classification experiment remains separate."
psm,dataset_and_anomaly_localization,PSM public,0,0,formal_result_not_established_for_this_source_description,02e72a9141c878277f15eebf25fad80d00953c1ac29c5fe8ca66a44f93357685,https://doi.org/10.1145/3447548.3467174,官方RANSynCoders源码及同步开关在场；历史TensorFlow环境、私有生产模型与BKPI、全消融及TAB适配待验收。
psm,dataset_and_anomaly_localization,SMD,0,0,formal_result_not_established_for_this_source_description,02e72a9141c878277f15eebf25fad80d00953c1ac29c5fe8ca66a44f93357685,https://doi.org/10.1145/3447548.3467174,官方RANSynCoders源码及同步开关在场；历史TensorFlow环境、私有生产模型与BKPI、全消融及TAB适配待验收。
psm,dataset_and_anomaly_localization,SWaT,0,0,formal_result_not_established_for_this_source_description,02e72a9141c878277f15eebf25fad80d00953c1ac29c5fe8ca66a44f93357685,https://doi.org/10.1145/3447548.3467174,官方RANSynCoders源码及同步开关在场；历史TensorFlow环境、私有生产模型与BKPI、全消融及TAB适配待验收。
psm,dataset_and_anomaly_localization,eBay proprietary BKPI data,0,0,formal_result_not_established_for_this_source_description,02e72a9141c878277f15eebf25fad80d00953c1ac29c5fe8ca66a44f93357685,https://doi.org/10.1145/3447548.3467174,官方RANSynCoders源码及同步开关在场；历史TensorFlow环境、私有生产模型与BKPI、全消融及TAB适配待验收。
omnianomaly,time_series_anomaly_detection,SMD,0,0,formal_result_not_established_for_this_source_description,2d8bc938a8c1622d5bdd5bf09fba0ebc6dd6eeb99704ee01671c0e531d6f7ae2,https://doi.org/10.1145/3292500.3330672,官方OmniAnomaly及ZhuSuan/tfsnippet源码在场；TensorFlow1.12/TFP0.5历史环境与精确版本/消融对齐待验收。
omnianomaly,time_series_anomaly_detection,MSL,0,0,formal_result_not_established_for_this_source_description,2d8bc938a8c1622d5bdd5bf09fba0ebc6dd6eeb99704ee01671c0e531d6f7ae2,https://doi.org/10.1145/3292500.3330672,官方OmniAnomaly及ZhuSuan/tfsnippet源码在场；TensorFlow1.12/TFP0.5历史环境与精确版本/消融对齐待验收。
omnianomaly,time_series_anomaly_detection,SMAP,0,0,formal_result_not_established_for_this_source_description,2d8bc938a8c1622d5bdd5bf09fba0ebc6dd6eeb99704ee01671c0e531d6f7ae2,https://doi.org/10.1145/3292500.3330672,官方OmniAnomaly及ZhuSuan/tfsnippet源码在场；TensorFlow1.12/TFP0.5历史环境与精确版本/消融对齐待验收。
sensitivehue,time_series_anomaly_detection,SWaT,0,0,formal_result_not_established_for_this_source_description,2612f7b3ff912428123a889250c1987d6596f186e596bbdfff6c160e68ba4239,https://doi.org/10.1145/3637528.3671919,官方源码及CPU模型前后向已验证；Table4九行损失/结构变体已实现，论文公式与发布源码的均值缩放差异分开记录；完整训练及数值对齐待验收。
sensitivehue,time_series_anomaly_detection,WADI,0,0,formal_result_not_established_for_this_source_description,2612f7b3ff912428123a889250c1987d6596f186e596bbdfff6c160e68ba4239,https://doi.org/10.1145/3637528.3671919,官方源码及CPU模型前后向已验证；Table4九行损失/结构变体已实现，论文公式与发布源码的均值缩放差异分开记录；完整训练及数值对齐待验收。
sensitivehue,time_series_anomaly_detection,MSL,0,0,formal_result_not_established_for_this_source_description,2612f7b3ff912428123a889250c1987d6596f186e596bbdfff6c160e68ba4239,https://doi.org/10.1145/3637528.3671919,官方源码及CPU模型前后向已验证；Table4九行损失/结构变体已实现，论文公式与发布源码的均值缩放差异分开记录；完整训练及数值对齐待验收。
sensitivehue,time_series_anomaly_detection,SMD,0,0,formal_result_not_established_for_this_source_description,2612f7b3ff912428123a889250c1987d6596f186e596bbdfff6c160e68ba4239,https://doi.org/10.1145/3637528.3671919,官方源码及CPU模型前后向已验证；Table4九行损失/结构变体已实现，论文公式与发布源码的均值缩放差异分开记录；完整训练及数值对齐待验收。
usad,time_series_anomaly_detection,SWaT,0,0,formal_result_not_established_for_this_source_description,e303e6db2b5a541b3610a928f139757dc30b55e4c515915c77d3cb0f156178b4,https://doi.org/10.1145/3394486.3403392,仓库已有稳定性消融不等于原始双解码器 USAD；原论文与 ablation 明确分名，不能替代复现。
usad,time_series_anomaly_detection,WADI,0,0,formal_result_not_established_for_this_source_description,e303e6db2b5a541b3610a928f139757dc30b55e4c515915c77d3cb0f156178b4,https://doi.org/10.1145/3394486.3403392,仓库已有稳定性消融不等于原始双解码器 USAD；原论文与 ablation 明确分名，不能替代复现。
usad,time_series_anomaly_detection,SMD,0,0,formal_result_not_established_for_this_source_description,e303e6db2b5a541b3610a928f139757dc30b55e4c515915c77d3cb0f156178b4,https://doi.org/10.1145/3394486.3403392,仓库已有稳定性消融不等于原始双解码器 USAD；原论文与 ablation 明确分名，不能替代复现。
usad,time_series_anomaly_detection,SMAP,0,0,formal_result_not_established_for_this_source_description,e303e6db2b5a541b3610a928f139757dc30b55e4c515915c77d3cb0f156178b4,https://doi.org/10.1145/3394486.3403392,仓库已有稳定性消融不等于原始双解码器 USAD；原论文与 ablation 明确分名，不能替代复现。
usad,time_series_anomaly_detection,MSL,0,0,formal_result_not_established_for_this_source_description,e303e6db2b5a541b3610a928f139757dc30b55e4c515915c77d3cb0f156178b4,https://doi.org/10.1145/3394486.3403392,仓库已有稳定性消融不等于原始双解码器 USAD；原论文与 ablation 明确分名，不能替代复现。
usad,time_series_anomaly_detection,Orange proprietary,0,0,formal_result_not_established_for_this_source_description,e303e6db2b5a541b3610a928f139757dc30b55e4c515915c77d3cb0f156178b4,https://doi.org/10.1145/3394486.3403392,仓库已有稳定性消融不等于原始双解码器 USAD；原论文与 ablation 明确分名，不能替代复现。
swat_dataset,dataset_provenance,SWaT industrial water treatment testbed,0,0,formal_result_not_established_for_this_source_description,c08fc59cb9499bcea00021b7b649dd5970c86bb2c3c5b369a1643261c684a318,https://doi.org/10.1007/978-3-319-71368-7_8,用户文件是360页论文集，本论文仅PDF100–111页（印刷88–99）；实验还需锁定实际 SWaT 版本与许可。
tab,evaluation_protocol,"29 multivariate dataset collections, Table2 PDFp6",0,0,formal_result_not_established_for_this_source_description,27a027972858d5bd4265b1d7f5a888809ee304d22f00552dfdc8fca686c8e633,https://arxiv.org/abs/2506.18046,严格复现 pinned TAB 与 validation-only 新协议分别报告；ratio-grid best-test F1 和 pooled校准须披露，TAB标签本身不保证无泄漏。 原文单变量构建先保留至少一种方法AUC>0.85的序列并作标签/异常率筛选；该选择条件必须随数据版本披露。
tab,evaluation_protocol,"15 univariate collections including 7 original UTSAD groups, Table3 PDFp6",0,0,formal_result_not_established_for_this_source_description,27a027972858d5bd4265b1d7f5a888809ee304d22f00552dfdc8fca686c8e633,https://arxiv.org/abs/2506.18046,严格复现 pinned TAB 与 validation-only 新协议分别报告；ratio-grid best-test F1 和 pooled校准须披露，TAB标签本身不保证无泄漏。 原文单变量构建先保留至少一种方法AUC>0.85的序列并作标签/异常率筛选；该选择条件必须随数据版本披露。
anomaly_transformer,time_series_anomaly_detection,SMAP,0,0,formal_result_not_established_for_this_source_description,ff8d3bb627fce9914eb8a9e78c4139e4852771dbee801da2c766dea028a17053,,MaelNet/Pi 的基础方法；原发布版测试校准与点调整必须从严格评价中分离。
anomaly_transformer,time_series_anomaly_detection,MSL,0,0,formal_result_not_established_for_this_source_description,ff8d3bb627fce9914eb8a9e78c4139e4852771dbee801da2c766dea028a17053,,MaelNet/Pi 的基础方法；原发布版测试校准与点调整必须从严格评价中分离。
anomaly_transformer,time_series_anomaly_detection,SMD,0,0,formal_result_not_established_for_this_source_description,ff8d3bb627fce9914eb8a9e78c4139e4852771dbee801da2c766dea028a17053,,MaelNet/Pi 的基础方法；原发布版测试校准与点调整必须从严格评价中分离。
anomaly_transformer,time_series_anomaly_detection,PSM,0,0,formal_result_not_established_for_this_source_description,ff8d3bb627fce9914eb8a9e78c4139e4852771dbee801da2c766dea028a17053,,MaelNet/Pi 的基础方法；原发布版测试校准与点调整必须从严格评价中分离。
anomaly_transformer,time_series_anomaly_detection,SWaT,0,0,formal_result_not_established_for_this_source_description,ff8d3bb627fce9914eb8a9e78c4139e4852771dbee801da2c766dea028a17053,,MaelNet/Pi 的基础方法；原发布版测试校准与点调整必须从严格评价中分离。
